CACHE type 5 produced by analog 6.0/Unix. Do not modify or delete!
T	0	0	1594	247	4	1236	34218486
D	29725125	29733808
20642	129	1	0	66
20642	130	2	0	132
20642	229	5	1	5125
20646	9	37	4	579829
20646	10	4	1	1946
20646	11	4	2	2418160
20646	14	3	2	1271
20646	16	1	1	0
20646	17	159	5	2664713
20646	18	1	1	0
20646	26	1	1	973
20646	27	1	1	0
20646	33	1	1	443
20646	38	2	1	1271
20646	50	1	1	973
20646	54	1	0	298
20646	62	2	1	1416
20646	63	1	0	443
20646	64	2	0	886
20646	65	1	0	443
20646	66	2	0	886
20646	67	8	0	3544
20646	68	2	0	886
20646	70	4	0	1772
20646	71	1	0	443
20646	73	1	0	298
20646	74	1	1	973
20646	78	55	2	1344209
20646	86	1	1	973
20646	90	2	1	509
20646	94	1	1	443
20646	98	2	2	1416
20646	102	1	1	298
20646	108	1	0	298
20646	110	1	1	973
20646	115	1	0	298
20646	122	1	1	973
20646	128	4	4	886
20646	130	8	2	456218
20646	134	1	1	973
20646	136	1	1	973
20646	137	1	0	298
20646	146	1	1	973
20646	151	1	1	443
20646	157	1	0	298
20646	158	2	2	1416
20646	163	41	6	771956
20646	164	4	2	1627
20646	165	4	1	1772
20646	170	1	1	973
20646	177	1	0	298
20646	179	49	1	236787
20646	182	1	1	973
20646	187	1	0	298
20646	194	1	1	973
20646	198	1	0	298
20646	206	1	1	973
20646	218	2	1	1271
20646	221	1	0	443
20646	224	2	0	298
20646	225	1	0	298
20646	226	2	0	298
20646	229	1	0	298
20646	230	1	1	973
20646	234	33	3	1498331
20646	235	48	0	115968
20646	236	2	0	298
20646	238	1	0	298
20646	242	3	1	1859
20646	243	2	0	886
20646	244	5	0	2215
20646	245	10	2	2621948
20646	246	4	0	1772
20646	247	3	0	741
20646	248	6	0	2658
20646	249	9	0	3987
20646	251	1	0	298
20646	254	1	1	973
20646	257	2	0	298
20646	258	1	0	298
20646	266	1	1	973
20646	278	5	2	481337
20646	279	1	0	298
20646	283	5	2	2419046
20647	2	1	1	973
20647	4	1	1	443
20647	8	2	1	509
20647	10	4	1	518710
20647	11	3	2	741
20647	14	1	1	973
20647	18	1	0	0
20647	26	1	1	973
20647	34	2	0	741
20647	38	1	1	973
20647	50	1	1	973
20647	54	1	0	298
20647	61	1	1	443
20647	62	1	1	973
20647	67	1	1	443
20647	70	27	2	538019
20647	73	1	0	298
20647	74	1	1	973
20647	82	1	0	973
20647	86	1	1	973
20647	92	1	0	443
20647	95	1	0	298
20647	98	1	1	973
20647	99	2	1	509
20647	108	1	0	443
20647	109	1	1	443
20647	110	1	1	973
20647	117	1	0	298
20647	118	1	1	0
20647	122	1	1	973
20647	129	8	5	480021
20647	130	1	1	443
20647	132	1	1	0
20647	133	1	1	443
20647	134	2	1	973
20647	139	1	0	298
20647	140	3	1	1714
20647	146	1	1	973
20647	148	1	0	0
20647	154	2	0	298
20647	158	1	1	973
20647	159	1	0	298
20647	170	1	1	973
20647	179	1	1	443
20647	180	2	0	741
20647	182	1	1	973
20647	189	27	3	11961
20647	190	51	0	22593
20647	193	1	0	298
20647	194	79	3	35382
20647	197	2	2	886
20647	199	1	0	298
20647	200	1	1	443
20647	201	2	1	298
20647	206	1	1	973
20647	207	2	1	741
20647	208	1	1	443
20647	210	2	1	886
20647	217	25	2	58125
20647	218	1	1	973
20647	220	3	1	224851
20647	222	9	3	1610395
20647	227	1	0	298
20647	230	2	2	1416
20647	240	1	1	443
20647	242	1	1	973
20647	243	19	2	18487
20647	244	3	2	2411314
20647	245	1	0	0
20647	247	1	0	0
20647	248	1	0	298
20647	254	1	1	973
20647	256	1	0	298
20647	257	1	0	443
20647	260	8	2	957042
20647	261	3	2	0
20647	262	2	2	443
20647	263	1	1	0
20647	265	1	1	443
20647	266	1	1	973
20647	269	3	1	807
20647	278	1	1	973
20647	279	1	0	443
20647	280	3	1	1329
20647	282	3	1	1716
20647	286	1	0	443
20647	287	1	0	443
20648	1	2	1	741
20648	2	1	1	973
20648	4	2	1	509
20648	5	1	0	298
20648	11	1	0	102153
20648	14	3	2	1482
20648	15	2	1	18370
20648	16	46	1	480952
20648	19	3	0	525
20648	20	3	2	12883
20648	22	63	1	42406
20648	23	1	0	298
20648	24	2	1	408
20648	26	1	1	973
20648	28	81	3	61101
20648	29	3	1	0
20648	30	100	10	1062295
20648	31	35	9	575872
20648	32	52	9	4297132
20648	33	43	5	1213048
20648	34	37	3	1213048
20648	35	3	1	0
20648	36	4	2	449
20648	37	3	1	0
20648	38	1	1	979
20648	39	5	2	756
20648	40	3	1	0
20648	42	1	0	307
20648	49	1	1	449
20648	50	1	1	979
20648	52	1	0	449
20648	62	2	1	1286
20648	74	1	1	979
20648	82	1	0	307
20648	84	21	1	556120
20648	86	2	1	1958
20648	88	1	1	449
20648	89	1	0	449
20648	98	3	3	1877
20648	103	1	0	307
20648	104	1	0	307
20648	110	1	1	979
20648	117	3	1	0
20648	122	1	1	2185
20648	124	56	9	1380673
20648	126	1	0	702
20648	129	31	5	561413
20648	130	2	2	4358
20648	134	1	1	2179
20648	137	4	2	2913
1	1	0	0	4	29732895	0	29729990	29732895	0	29725664	973	/wp/wp-includes/wlwmanifest.xml
1	0	0	0	3	0	0	29732651	0	0	29730892	0	/.env.local
1	0	0	0	2	0	0	29732651	0	0	29732630	0	/temp/.env
1	2	0	0	0	29732651	0	0	29732629	0	0	886	/.env.txt
1	1	0	0	0	29733202	0	0	29733202	0	0	7946	/phpmyadmin/js/messages.php?l=en&v=5.2.3&lang=en
1	0	0	0	2	0	0	29732651	0	0	29732630	0	/api/v3/.env
1	1	0	0	0	29733743	0	0	29733743	0	0	884	/administrator/components/com_jce
1	1	0	0	0	29730329	0	0	29730329	0	0	7947	/assets/OtherPayment-B9VCHD6a.js
1	1	0	0	0	29730329	0	0	29730329	0	0	298	/assets/assets/clinicalIntelligence-B4u_Xj_J.js
1	0	0	0	2	0	0	29732651	0	0	29732629	0	/codeigniter/.env
1	3	0	0	6	29731457	0	29728765	29730575	0	29725180	1329	/wp-includes/php-ai-client/src/Messages/DTO/apc.php
1	1	0	0	0	29730329	0	0	29730329	0	0	298	/assets/assets/book-open-Bi6sJ5u3.js
1	7	0	0	0	29733743	0	0	29733283	0	0	3008209	/assets/index-DJeWhCy-.js?v=3.0
1	0	0	0	2	0	0	29732651	0	0	29732630	0	/mailer/.env
1	1	0	0	0	29733202	0	0	29733202	0	0	6122	/phpmyadmin/js/dist/config.js?v=5.2.3
1	4	0	0	6	29731469	0	29728758	29730557	0	29725161	1772	/wp-includes/SimplePie/library/SimplePie/HTTP/core_functions.php
1	0	0	0	2	0	0	29732651	0	0	29732630	0	/crm/.env
1	1	0	0	0	29733202	0	0	29733202	0	0	5295	/phpmyadmin/js/vendor/codemirror/addon/hint/show-hint.js?v=5.2.3
1	0	0	0	6	0	0	29732651	0	0	29725449	0	/.env
1	1	0	0	0	29730329	0	0	29730329	0	0	298	/assets/assets/pen-CfMhwJvZ.js
1	0	0	0	2	0	0	29732651	0	0	29732629	0	/shared/.env
1	1	0	0	0	29730329	0	0	29730329	0	0	298	/assets/assets/layers-DwYKTjmE.js
1	17	0	0	0	29733768	0	0	29730289	0	0	4612	/assets/plus-CHPIrJ6M.js
1	1	0	0	0	29730329	0	0	29730329	0	0	298	/assets/assets/upload-10Urw3kY.js
1	0	0	0	2	0	0	29732651	0	0	29732629	0	/v3/.env
1	2	0	0	0	29732652	0	0	29732630	0	0	886	/tmp/phpinfo.php
1	0	0	0	2	0	0	29732651	0	0	29732630	0	/svelte/.env
1	0	0	0	2	0	0	29732651	0	0	29732630	0	/express/.env
1	4	0	0	3	29733274	0	29733261	29733234	0	29733231	476	/api/clinical/notes-create.php
1	1	0	0	0	29730286	0	0	29730286	0	0	0	/nonexistent-file-xyz.js
1	7	0	0	0	29733274	0	0	29733231	0	0	8029	/api/staff/list.php
1	1	0	0	0	29733202	0	0	29733202	0	0	566	/phpmyadmin/js/vendor/jquery/jquery.debounce-1.0.6.js?v=5.2.3
1	0	0	0	2	0	0	29732651	0	0	29732629	0	/rest/.env
1	0	0	0	2	0	0	29732651	0	0	29732630	0	/project/.env
1	0	0	0	1	0	0	29725757	0	0	29725757	0	/assets/advice-enhancement.js
1	0	0	0	2	0	0	29732651	0	0	29732630	0	/bulk/.env
1	1	0	0	0	29730329	0	0	29730329	0	0	298	/assets/assets/video-h2z_1vJH.js
1	1	0	0	0	29731138	0	0	29731138	0	0	266	/assets/message-circle-qSON-RM2.js
1	1	0	0	0	29733202	0	0	29733202	0	0	4306	/phpmyadmin/themes/pmahomme/img/logo_right.png
1	0	0	0	2	0	0	29732651	0	0	29732629	0	/cakephp/.env
1	0	0	0	2	0	0	29732651	0	0	29732630	0	/preview/.env
1	1	0	0	0	29731138	0	0	29731138	0	0	315	/assets/database-Ck9e-_FX.js
1	1	0	0	0	29733202	0	0	29733202	0	0	22900	/phpmyadmin/js/vendor/bootstrap/bootstrap.bundle.min.js?v=5.2.3
1	1	0	0	0	29730329	0	0	29730329	0	0	298	/assets/assets/LandingPage-Dv8SefYP.js
1	1	0	0	0	29730329	0	0	29730329	0	0	298	/assets/assets/arrow-right-left-DxaL83fz.js
1	2	0	0	0	29732652	0	0	29732630	0	0	886	/smtp/phpinfo.php
1	1	0	0	0	29730329	0	0	29730329	0	0	298	/assets/assets/sparkles-BXWJULex.js
1	0	0	0	2	0	0	29732651	0	0	29732629	0	/releases/.env
1	30	0	0	0	29733768	0	0	29730286	0	0	1101236	/assets/index-JEdqxkTH.css
1	7	0	0	0	29732987	0	0	29731176	0	0	298	/Patients
1	0	0	0	2	0	0	29732651	0	0	29732630	0	/campaign/.env
1	2	0	0	0	29731138	0	0	29730329	0	0	7594	/assets/Patients-B0bSwJv4.js
1	1	0	0	0	29731138	0	0	29731138	0	0	517	/assets/test-tube-AQ_p65EL.js
1	0	0	0	2	0	0	29732651	0	0	29732629	0	/www/.env
1	2	0	0	0	29732651	0	0	29732629	0	0	886	/.env.preprod
1	2	0	0	0	29732651	0	0	29732629	0	0	886	/.env.swp
1	2	0	0	0	29732652	0	0	29732630	0	0	886	/uat/phpinfo.php
1	0	0	0	1	0	0	29725628	0	0	29725628	0	/nonexistent-test-file-123456.css
1	0	0	0	2	0	0	29732651	0	0	29732630	0	/bin/.env
1	0	0	0	2	0	0	29732651	0	0	29732630	0	/dashboard/.env
1	4	0	0	3	29733274	0	29733261	29733234	0	29733231	456	/api/payments/create.php
1	2	0	0	0	29732652	0	0	29732630	0	0	886	/preview/phpinfo.php
1	0	0	0	2	0	0	29732651	0	0	29732630	0	/mailgun/.env
1	7	0	0	0	29733274	0	0	29733231	0	0	12824	/api/settings/get.php
1	0	0	0	2	0	0	29732651	0	0	29732629	0	/zend/.env
1	0	0	0	2	0	0	29732651	0	0	29732630	0	/saas/.env
1	8	0	0	7	29733118	0	29729669	29730578	0	29725193	3544	/wp-includes/php-ai-client/src/Operations/Enums/monitor.php
1	1	0	0	0	29730329	0	0	29730329	0	0	298	/assets/assets/thermometer-CrPE917O.js
1	1	0	0	3	29732895	0	29729990	29732895	0	29727175	973	/wp1/wp-includes/wlwmanifest.xml
1	0	0	0	2	0	0	29725450	0	0	29725449	0	/@vite/env
1	1	0	0	3	29732895	0	29729990	29732895	0	29727175	973	/site/wp-includes/wlwmanifest.xml
1	7	0	0	0	29733274	0	0	29733231	0	0	45319	/api/run-tests.php
1	2	2	1	0	29731069	29733743	0	29731063	29733743	0	886	/administrator/components/com_jce/
1	1	0	0	0	29731138	0	0	29731138	0	0	306	/assets/circle-alert-3N-VW3xt.js
1	5	0	0	5	29733093	0	29729664	29730590	0	29725182	2215	/wp-includes/sodium_compat/src/Core/AEGIS/logo.php
1	1	0	0	0	29730329	0	0	29730329	0	0	298	/assets/assets/textarea-BQiWEu5n.js
1	4	0	0	3	29733274	0	29733261	29733234	0	29733231	1648	/api/investigations/create.php
1	6	0	0	13	29731484	0	29729668	29730553	0	29725174	2658	/wp-content/plugins/additional-charge/bind.php
1	1	0	0	0	29730329	0	0	29730329	0	0	5255	/assets/OutstandingBalances-Bl_iWFFm.js
1	2	0	0	0	29732651	0	0	29732629	0	0	886	/.env.uat
1	1	0	0	0	29731138	0	0	29731138	0	0	356	/assets/user-plus-BJkC4ige.js
1	1	0	0	3	29732895	0	29729990	29732895	0	29727175	973	/2019/wp-includes/wlwmanifest.xml
1	1	0	0	2	29732895	0	29729990	29732895	0	29727175	973	/2020/wp-includes/wlwmanifest.xml
1	1	0	0	0	29730329	0	0	29730329	0	0	298	/assets/assets/map-pin-BVGvB4pd.js
1	0	0	0	2	0	0	29732651	0	0	29732630	0	/brevo/.env
1	3	0	0	6	29731471	0	29729685	29730577	0	29725162	1329	/wp-content/plugins/validar-certificados-de-cursos/admin/partials/retries.php
1	17	0	0	0	29733768	0	0	29730289	0	0	60995	/assets/useDoctorContent-Cx8T-OwA.js
1	0	0	0	2	0	0	29732651	0	0	29732630	0	/rabbitmq/.env
1	0	0	0	2	0	0	29732651	0	0	29732630	0	/administrator/.env
1	1	0	0	0	29733202	0	0	29733202	0	0	9000	/phpmyadmin/favicon.ico
1	0	0	0	2	0	0	29732651	0	0	29732630	0	/admin-panel/.env
1	1	0	0	0	29730329	0	0	29730329	0	0	298	/assets/assets/droplets-Dr40MrVb.js
1	1	0	0	0	29730329	0	0	29730329	0	0	298	/assets/assets/BarChart-Ch6XFCj8.js
1	1	0	0	0	29730329	0	0	29730329	0	0	298	/assets/assets/InvestigationPaymentPage-DbUqWJ51.js
1	0	0	1	0	0	29733743	0	0	29733743	0	0	/media/editors/jce/js/
1	8	0	0	0	29733743	0	0	29730327	0	0	1282449	/assets/fonts/BricolageGrotesque.woff2
1	0	0	0	2	0	0	29732651	0	0	29732630	0	/backup/.env
1	0	0	0	2	0	0	29732651	0	0	29732629	0	/htdocs/.env
1	0	0	0	2	0	0	29725449	0	0	29725449	0	/___proxy_subdomain_cpanel
1	2	0	0	0	29730286	0	0	29730286	0	0	973	/dashboard
1	0	0	0	2	0	0	29732651	0	0	29732630	0	/actions/.env
1	1	0	0	0	29730329	0	0	29730329	0	0	298	/assets/assets/BedManagement-B6IsYOJd.js
1	2	0	0	0	29731138	0	0	29730329	0	0	48554	/assets/Dashboard-DyrPRUEp.js
1	2	0	0	0	29731138	0	0	29730329	0	0	46742	/assets/Settings-DPkJ1nB8.js
1	2	0	0	0	29732652	0	0	29732630	0	0	886	/docs/phpinfo.php
1	0	0	0	2	0	0	29732651	0	0	29732630	0	/worker/.env
1	0	0	0	1	0	0	29728032	0	0	29728032	0	/?34.24.176.120
1	1	0	0	0	29730329	0	0	29730329	0	0	298	/assets/assets/bed-double-DSQN6_I2.js
1	1	0	0	0	29730329	0	0	29730329	0	0	298	/assets/assets/heart-CnN_F_j3.js
1	0	0	0	6	0	0	29729684	0	0	29725159	0	/wp-content/plugins/formlayer/main/settings/shop_inventory.php
1	0	0	0	2	0	0	29732651	0	0	29732629	0	/var/www/html/.env
1	1	0	0	0	29731055	0	0	29731055	0	0	973	/llms.txt
1	3	0	0	5	29731485	0	29729688	29730560	0	29726069	1329	/wp-includes/js/dist/script-modules/block-library/accordion/code3.php
1	4	0	0	3	29733274	0	29733261	29733234	0	29733231	640	/api/invoices/create.php
1	1	0	0	0	29733202	0	0	29733202	0	0	2324	/phpmyadmin/js/vendor/codemirror/lib/codemirror.css?v=5.2.3
1	0	0	0	2	0	0	29732651	0	0	29732630	0	/cd/.env
1	1	0	0	0	29733202	0	0	29733202	0	0	748	/phpmyadmin/js/dist/shortcuts_handler.js?v=5.2.3
1	1	0	0	2	29732895	0	29729897	29732895	0	29725664	973	/wp-includes/wlwmanifest.xml
1	2	0	0	0	29732652	0	0	29732630	0	0	886	/phpinfo.php~
1	17	0	0	0	29733768	0	0	29730289	0	0	6159	/assets/pencil-BZAaPpo6.js
1	1	0	0	0	29733202	0	0	29733202	0	0	3557	/phpmyadmin/js/dist/doclinks.js?v=5.2.3
1	2	0	0	1	29732652	0	29730310	29732630	0	29730310	886	/test.php
1	1	0	0	0	29731055	0	0	29731055	0	0	973	/ads.txt
1	0	0	0	2	0	0	29732651	0	0	29732630	0	/sparkpost/.env
1	3	0	0	0	29733743	0	0	29731063	0	0	1770	/plugins/editors/jce/jce.xml
1	2	0	0	6	29731484	0	29729678	29730581	0	29725192	886	/wp-content/themes/srtain.php
1	2	0	0	0	29732652	0	0	29732630	0	0	886	/_profiler/phpinfo
1	2	0	0	0	29732652	0	0	29732630	0	0	886	/_environment
1	3	0	0	4	29733274	0	29733261	29733261	0	29733231	339	/api/appointments/update.php
1	7	0	0	0	29733274	0	0	29733231	0	0	6460	/api/patients/list.php?page=1&per_page=10
1	4	0	0	3	29733274	0	29733261	29733234	0	29733231	532	/api/patients/delete.php
1	0	0	0	2	0	0	29725449	0	0	29725449	0	/server-status
1	0	0	0	2	0	0	29732651	0	0	29732630	0	/terraform/.env
1	37	0	0	0	29733768	0	0	29730286	0	0	25556649	/assets/index-DJeWhCy-.js
1	0	0	0	2	0	0	29732651	0	0	29732629	0	/storage/.env
1	1	0	0	0	29730329	0	0	29730329	0	0	298	/assets/assets/mail-yvZvzeI4.js
1	0	0	0	2	0	0	29732651	0	0	29732630	0	/github/.env
1	1	0	0	0	29730329	0	0	29730329	0	0	298	/assets/assets/SerialDisplay-DAWJgUIZ.js
1	0	0	0	2	0	0	29732651	0	0	29732630	0	/tmp/.env
1	1	0	0	1	29732895	0	29729897	29732895	0	29729897	973	/news/wp-includes/wlwmanifest.xml
1	19	0	0	0	29733768	0	0	29730289	0	0	902197	/assets/LandingPage-Dv8SefYP.js
1	0	0	0	2	0	0	29732651	0	0	29732630	0	/postgres/.env
1	1	0	0	0	29730329	0	0	29730329	0	0	298	/assets/assets/whatsappTemplates-BiipONU2.js
1	1	0	0	0	29731055	0	0	29731055	0	0	973	/humans.txt
1	0	0	0	2	0	0	29725449	0	0	29725449	0	/.DS_Store
1	1	0	0	0	29730329	0	0	29730329	0	0	298	/assets/assets/PatientDashboard-Cuwbdual.js
1	1	0	0	0	29731138	0	0	29731138	0	0	369	/assets/sunset-B1zSdVi8.js
1	4	0	0	0	29733274	0	0	29733234	0	0	2232	/api/visits/list.php?patient_id=2
1	17	0	0	0	29733768	0	0	29730289	0	0	5658	/assets/eye-DZPhoU57.js
1	0	0	0	3	0	0	29733261	0	0	29733231	0	/api/visits/list.php?patient_id=0
1	0	0	0	2	0	0	29725450	0	0	29725449	0	/telescope/requests
1	1	0	0	0	29730329	0	0	29730329	0	0	12600	/assets/InvestigationPaymentPage-DbUqWJ51.js
1	1	0	0	0	29730329	0	0	29730329	0	0	18365	/assets/AuditLog-BszF6XcX.js
1	0	0	0	2	0	0	29732651	0	0	29732630	0	/job/.env
1	1	0	0	0	29730329	0	0	29730329	0	0	298	/assets/assets/sun-7_ce8Kaj.js
1	1	0	0	0	29731138	0	0	29731138	0	0	277	/assets/message-square-gLkdQm4U.js
1	0	0	0	2	0	0	29732651	0	0	29732630	0	/ansible/.env
1	0	0	0	2	0	0	29732651	0	0	29732630	0	/shop/.env
1	1	0	0	0	29731138	0	0	29731138	0	0	317	/assets/calendar-BL7xJRSg.js
1	2	0	0	0	29732651	0	0	29732629	0	0	886	/.env~
1	1	0	0	0	29733202	0	0	29733202	0	0	276	/phpmyadmin/js/vendor/codemirror/addon/hint/show-hint.css?v=5.2.3
1	1	0	0	0	29730329	0	0	29730329	0	0	298	/assets/assets/database-Ck9e-_FX.js
1	0	0	0	2	0	0	29725450	0	0	29725449	0	/debug/default/view?panel=config
1	0	0	0	2	0	0	29732651	0	0	29732629	0	/core/app/.env
1	7	0	0	0	29733274	0	0	29733231	0	0	3018	/api/notifications/list.php?user_id=1
1	1	0	0	0	29730329	0	0	29730329	0	0	298	/assets/assets/MoneyReceipt-CSWlD73e.js
1	0	0	0	2	0	0	29732651	0	0	29732630	0	/k8s/.env
1	1	0	0	0	29733202	0	0	29733202	0	0	103832	/phpmyadmin/js/vendor/codemirror/lib/codemirror.js?v=5.2.3
1	3	0	0	0	29733176	0	0	29732630	0	0	103039	/phpinfo.php
1	4	0	0	4	29733084	0	29728780	29730562	0	29725153	1772	/wp-content/themes/retries.php
1	1	0	0	0	29730329	0	0	29730329	0	0	298	/assets/assets/save-DzMd4SiT.js
1	0	0	0	9	0	0	29733281	0	0	29733192	0	/api/info.php
1	1	0	0	0	29730329	0	0	29730329	0	0	298	/assets/assets/pencil-BZAaPpo6.js
1	0	0	0	3	0	0	29730049	0	0	29725757	0	/assets/main.js
1	1	0	0	0	29730329	0	0	29730329	0	0	298	/assets/assets/Patients-B0bSwJv4.js
1	0	0	0	2	0	0	29732651	0	0	29732629	0	/laravel/.env
1	1	0	0	3	29732895	0	29729990	29732895	0	29727175	973	/shop/wp-includes/wlwmanifest.xml
1	1	0	0	0	29733202	0	0	29733202	0	0	16173	/phpmyadmin/js/vendor/codemirror/mode/sql/sql.js?v=5.2.3
1	0	0	0	2	0	0	29732651	0	0	29732630	0	/transactional/.env
1	0	0	0	2	0	0	29732651	0	0	29732629	0	/shopify/.env
1	0	0	0	2	0	0	29732651	0	0	29732630	0	/sender/.env
1	1	0	0	0	29730329	0	0	29730329	0	0	298	/assets/assets/VisitPage-5feiJJvC.js
1	3	0	0	2	29731470	0	29729658	29730567	0	29727858	1329	/wp-includes/class-wp-block-parser.php
1	1	0	0	0	29730329	0	0	29730329	0	0	298	/assets/assets/info-DjKKOoM3.js
1	1	0	0	1	29732895	0	29729897	29732895	0	29729897	973	/wp2/wp-includes/wlwmanifest.xml
1	2	0	0	5	29731470	0	29729677	29730590	0	29725166	886	/wp-content/plugins/ranktool/src/modules/seostats.opensiteexplorer.php
1	0	0	0	2	0	0	29732651	0	0	29732630	0	/mailjet/.env
1	7	0	0	0	29733274	0	0	29733231	0	0	2986	/api/appointments/list.php?status=confirmed
1	18	0	0	0	29733768	0	0	29730289	0	0	5186	/assets/search-BLymxia-.js
1	2	0	0	0	29732651	0	0	29732629	0	0	886	/.env.ci
1	0	0	0	2	0	0	29729990	0	0	29727175	0	/2021/wp-includes/wlwmanifest.xml
1	0	0	0	2	0	0	29732651	0	0	29732629	0	/drupal/.env
1	0	0	0	2	0	0	29732651	0	0	29732630	0	/client/.env
1	0	0	0	2	0	0	29732651	0	0	29732630	0	/lab/.env
1	0	0	0	3	0	0	29732651	0	0	29730892	0	/.env.production
1	1	0	0	0	29730329	0	0	29730329	0	0	298	/assets/assets/send-cdrsuHAc.js
1	1	0	0	0	29730329	0	0	29730329	0	0	298	/assets/assets/sunset-B1zSdVi8.js
1	0	0	0	3	0	0	29727874	0	0	29725159	0	/wp-content/plugins/wc-zeus-gateway/admin/assets/css/curl.php
1	0	0	0	2	0	0	29725450	0	0	29725449	0	/api/graphql
1	1	0	0	0	29731138	0	0	29731138	0	0	319	/assets/activity-BRRgo98q.js
1	0	0	0	2	0	0	29725450	0	0	29725449	0	/actuator/env
1	3	0	0	0	29732651	0	0	29730892	0	0	1184	/.env.development
1	1	0	0	0	29732379	0	0	29732379	0	0	298	/Patients?154.38.191.87
1	0	0	0	2	0	0	29732651	0	0	29732630	0	/tools/.env
1	0	0	0	2	0	0	29732651	0	0	29732630	0	/docker/.env
1	0	0	0	2	0	0	29732651	0	0	29732630	0	/erp/.env
1	18	0	0	0	29733768	0	0	29730289	0	0	6462	/assets/phone-Co67JhRS.js
1	1	0	0	0	29731138	0	0	29731138	0	0	478	/assets/whatsappTemplates-BiipONU2.js
1	1	0	0	0	29733202	0	0	29733202	0	0	62620	/phpmyadmin/themes/pmahomme/css/theme.css?v=5.2.3
1	2	0	0	0	29730296	0	0	29730286	0	0	973	/patients
1	0	0	0	2	0	0	29732651	0	0	29732630	0	/nest/.env
1	2	0	0	0	29733281	0	0	29733201	0	0	20420	/setup.php
1	0	0	0	2	0	0	29732651	0	0	29732630	0	/cloud/.env
1	2	0	0	0	29732651	0	0	29732629	0	0	886	/.env2
1	1	0	0	0	29733743	0	0	29733743	0	0	884	/index.php?option=com_sppagebuilder
1	2	0	0	0	29732652	0	0	29732630	0	0	886	/dev/phpinfo.php
1	2	0	0	0	29732651	0	0	29732629	0	0	886	/.env1
1	2	0	0	0	29732651	0	0	29732629	0	0	886	/.env.yaml
1	0	0	0	2	0	0	29732651	0	0	29732629	0	/release/.env
1	0	0	0	2	0	0	29725450	0	0	29725449	0	/.vscode/sftp.json
1	0	0	0	2	0	0	29732651	0	0	29732630	0	/vite/.env
1	1	0	0	0	29730329	0	0	29730329	0	0	298	/assets/assets/Settings-DPkJ1nB8.js
1	0	0	0	2	0	0	29725450	0	0	29725449	0	/graphql
1	0	0	0	3	0	0	29725628	0	0	29725432	0	/wp-json/
1	2	0	0	0	29732652	0	0	29732630	0	0	886	/www/phpinfo.php
1	0	0	0	2	0	0	29732651	0	0	29732629	0	/api/v1/.env
1	2	0	0	5	29733553	0	29729664	29732092	0	29725504	1952	/xmlrpc.php
1	1	0	0	0	29730294	0	0	29730294	0	0	973	/appointments
1	1	0	0	5	29731464	0	29729674	29731464	0	29725156	443	/wp-content/themes/drum.php
1	2	0	0	4	29730574	0	29728785	29730574	0	29725190	886	/wp-content/plugins/ranktool/startmenu.php
1	0	0	0	2	0	0	29732651	0	0	29732630	0	/gcp/.env
1	1	0	0	0	29731138	0	0	29731138	0	0	211	/assets/skeleton-DqU5IOMD.js
1	2	0	0	0	29732652	0	0	29732630	0	0	886	/i.php
1	0	0	0	2	0	0	29732651	0	0	29732630	0	/kafka/.env
1	1	0	0	0	29731138	0	0	29731138	0	0	349	/assets/shield-D-es88Nw.js
1	1	0	0	4	29732895	0	29729990	29732895	0	29725664	973	/web/wp-includes/wlwmanifest.xml
1	0	0	0	2	0	0	29732651	0	0	29732630	0	/service/.env
1	1	0	0	0	29730329	0	0	29730329	0	0	298	/assets/assets/search-BLymxia-.js
1	34	0	0	52	29733753	0	29730209	29730313	0	29725180	10572	/wp-admin/install.php?step=1
1	1	0	0	0	29730329	0	0	29730329	0	0	298	/assets/assets/PatientForm-BCKQSbNc.js
1	2	0	0	0	29732651	0	0	29732629	0	0	886	/.env.prod
1	0	0	0	2	0	0	29732651	0	0	29732629	0	/admin/.env
1	0	0	0	2	0	0	29732651	0	0	29732629	0	/v1/.env
1	2	0	0	0	29732651	0	0	29732630	0	0	886	/.env.backup2
1	2	0	0	0	29732652	0	0	29732630	0	0	886	/mail/phpinfo.php
1	2	0	0	0	29732651	0	0	29732630	0	0	886	/.env.backup1
1	1	0	0	0	29730329	0	0	29730329	0	0	298	/assets/assets/OutstandingBalances-Bl_iWFFm.js
1	2	0	0	0	29732651	0	0	29732629	0	0	886	/.env.backup
1	0	0	0	2	0	0	29732651	0	0	29732630	0	/buildkite/.env
1	0	0	0	2	0	0	29732651	0	0	29732630	0	/qa/.env
1	1	0	0	0	29730329	0	0	29730329	0	0	298	/assets/assets/receipt-DqXr-L3S.js
1	0	0	0	2	0	0	29725450	0	0	29725449	0	/?rest_route=/wp/v2/users/
1	0	0	0	2	0	0	29732651	0	0	29732630	0	/next/.env
1	1	0	0	0	29730329	0	0	29730329	0	0	298	/assets/assets/TotalIncome-7BTVq9wM.js
1	0	0	0	2	0	0	29732651	0	0	29732630	0	/node/.env
1	0	0	0	2	0	0	29729990	0	0	29727175	0	/feed/
1	1	0	0	0	29730329	0	0	29730329	0	0	298	/assets/assets/UpgradedPrescriptionEMR-CvNofdGu.js
1	2	0	0	0	29732652	0	0	29732630	0	0	886	/test/phpinfo.php
1	0	0	0	2	0	0	29732651	0	0	29732629	0	/build/.env
1	0	0	0	2	0	0	29732651	0	0	29732629	0	/server/.env
1	0	0	0	2	0	0	29732652	0	0	29732630	0	/config/app/.env
1	1	0	0	0	29731138	0	0	29731138	0	0	9327	/assets/MoneyReceipt-CSWlD73e.js
1	0	0	0	2	0	0	29732651	0	0	29732629	0	/current/.env
1	23	0	0	13	29733743	0	29730258	29725125	0	29725973	1518	/favicon.ico
1	0	0	0	2	0	0	29732651	0	0	29732630	0	/panel/.env
1	2	0	0	0	29732652	0	0	29732630	0	0	886	/info
1	1	0	0	6	29732895	0	29729990	29732895	0	29725432	973	/xmlrpc.php?rsd
1	0	0	0	1	0	0	29725157	0	0	29725157	0	/wp-content/plugins/wc-zeus-gateway/sms.php
1	1	0	0	0	29730329	0	0	29730329	0	0	298	/assets/assets/AuditLog-BszF6XcX.js
1	1	0	0	0	29731138	0	0	29731138	0	0	324	/assets/bed-double-DSQN6_I2.js
1	0	0	0	2	0	0	29732651	0	0	29732629	0	/html/.env
1	1	0	0	0	29731138	0	0	29731138	0	0	1502	/assets/formatDistanceToNow-C2IQJfe9.js
1	4	0	0	0	29733274	0	0	29733234	0	0	1724	/api/investigations/list.php?patient_id=2
1	0	0	0	3	0	0	29732651	0	0	29730892	0	/api/.env
1	2	0	0	0	29732652	0	0	29732630	0	0	886	/php-info.php
1	0	0	0	3	0	0	29733261	0	0	29733231	0	/api/investigations/list.php?patient_id=0
1	0	0	0	24	0	0	29725270	0	0	29725230	0	/wp-login.php/xmlrpc.php
1	0	0	0	3	0	0	29732651	0	0	29730892	0	/backend/.env
1	0	0	0	2	0	0	29732651	0	0	29732630	0	/lib/.env
1	0	0	0	2	0	0	29732651	0	0	29732630	0	/circleci/.env
1	1	0	0	0	29730329	0	0	29730329	0	0	298	/assets/assets/calendar-BL7xJRSg.js
1	1	0	0	0	29730329	0	0	29730329	0	0	298	/assets/assets/file-text-DJrK52te.js
1	0	0	0	2	0	0	29732651	0	0	29732630	0	/notifications/.env
1	1	0	0	3	29730595	0	29729686	29730595	0	29725180	443	/wp-includes/sodium_compat/src/Core/Poly1305/NS.php
1	17	0	0	0	29733768	0	0	29730289	0	0	7731	/assets/card-COhiAhz1.js
1	0	0	0	2	0	0	29725450	0	0	29725449	0	/graphql/api
1	4	0	0	2	29733274	0	29733261	29733234	0	29733261	452	/api/vitals/create.php
1	1	0	0	0	29730329	0	0	29730329	0	0	13433	/assets/Staff-CTNepX6G.js
1	2	0	0	12	29733081	0	29729682	29731461	0	29725152	886	/wp-content/plugins/reset-thumbnails/assets/css/bind.php
1	1	0	0	0	29733202	0	0	29733202	0	0	18246	/phpmyadmin/js/vendor/jquery/jquery-ui-timepicker-addon.js?v=5.2.3
1	1	0	0	0	29730329	0	0	29730329	0	0	298	/assets/assets/monitor-play-DHOzn285.js
1	1	0	0	0	29730329	0	0	29730329	0	0	298	/assets/assets/ProcedurePayment-B362PKCB.js
1	2	0	0	0	29733743	0	0	29733742	0	0	460	/manifest.json
1	1	0	0	0	29731138	0	0	29731138	0	0	9174	/assets/InvestigationPayment-BfpQZUDn.js
1	1	0	0	0	29730329	0	0	29730329	0	0	298	/assets/assets/banknote-BqiHnhGo.js
1	0	0	0	2	0	0	29732651	0	0	29732630	0	/sendgrid/.env
1	0	0	0	2	0	0	29732651	0	0	29732630	0	/test/.env
1	2	0	0	0	29732652	0	0	29732630	0	0	886	/php.php
1	1	0	0	0	29730329	0	0	29730329	0	0	298	/assets/assets/shield-D-es88Nw.js
1	0	0	0	2	0	0	29732651	0	0	29732630	0	/mandrill/.env
1	2	0	0	0	29732652	0	0	29732630	0	0	886	/info.php.bak
1	0	0	0	2	0	0	29732651	0	0	29732630	0	/react/.env
1	1	0	0	0	29733202	0	0	29733202	0	0	43	/phpmyadmin/js/dist/name-conflict-fixes.js?v=5.2.3
1	2	0	0	0	29731138	0	0	29730329	0	0	26042	/assets/BedManagement-B6IsYOJd.js
1	2	0	0	0	29732651	0	0	29732629	0	0	886	/.env.dev
1	0	0	0	2	0	0	29729990	0	0	29727175	0	/wp-includes/ID3/license.txt
1	0	0	0	2	0	0	29725450	0	0	29725449	0	/trace.axd
1	0	0	0	2	0	0	29732651	0	0	29732630	0	/assets/.env
1	0	0	0	2	0	0	29732651	0	0	29732630	0	/gitlab/.env
1	16	0	0	0	29733768	0	0	29730289	0	0	5764	/assets/map-pin-BVGvB4pd.js
1	0	0	0	1	0	0	29725628	0	0	29725628	0	/readme.html
1	1	0	0	0	29733202	0	0	29733202	0	0	1377	/phpmyadmin/js/vendor/js.cookie.js?v=5.2.3
1	0	0	0	2	0	0	29732651	0	0	29732629	0	/prestashop/.env
1	3	3	0	0	29733222	0	0	29733198	0	0	27239	/phpmyadmin/
1	17	0	0	0	29733768	0	0	29730289	0	0	9347	/assets/table-CnbMZ7S8.js
1	1	0	0	0	29730892	0	0	29730892	0	0	298	/env
1	0	0	0	2	0	0	29732651	0	0	29732629	0	/yii/.env
1	1	0	0	0	29730329	0	0	29730329	0	0	298	/assets/assets/activity-BRRgo98q.js
1	0	0	0	2	0	0	29732651	0	0	29732630	0	/infrastructure/.env
1	2	0	0	0	29732652	0	0	29732630	0	0	886	/public_html/phpinfo.php
1	0	0	0	2	0	0	29732651	0	0	29732629	0	/application/.env
1	0	0	0	1	0	0	29725629	0	0	29725629	0	/php-api/db-connect.php
1	1	0	0	0	29733202	0	0	29733202	0	0	673	/phpmyadmin/js/dist/keyhandler.js?v=5.2.3
1	2	0	0	0	29732652	0	0	29732630	0	0	886	/server-status.php
1	19	0	0	51	29733565	0	29728894	29731361	0	29725230	4017	/wp-login.php
1	0	0	0	2	0	0	29732651	0	0	29732629	0	/staging/.env
1	1	0	0	0	29730329	0	0	29730329	0	0	298	/assets/assets/scroll-area-DUDQuZCi.js
1	2	0	0	0	29732652	0	0	29732630	0	0	886	/old_phpinfo.php
1	0	0	0	2	0	0	29732651	0	0	29732629	0	/live/.env
1	2	0	0	0	29731138	0	0	29730329	0	0	47100	/assets/EmergencyPrescription-Bi3knV-p.js
1	2	0	0	0	29732651	0	0	29732629	0	0	886	/.env.docker
1	3	0	0	11	29733274	0	29733274	29733261	0	29733231	405	/api/appointments/create.php
1	2	0	0	0	29732652	0	0	29732630	0	0	886	/phpversion.php
1	0	0	0	2	0	0	29732651	0	0	29732630	0	/.git/.env
1	2	0	0	0	29732652	0	0	29732630	0	0	886	/phpinfo.php.save
1	1	0	0	0	29730329	0	0	29730329	0	0	10151	/assets/SerialDisplay-DAWJgUIZ.js
1	0	0	0	2	0	0	29732651	0	0	29732629	0	/wp/.env
1	0	0	0	2	0	0	29732651	0	0	29732630	0	/nuxt/.env
1	0	0	0	1	0	0	29727038	0	0	29727038	0	/6999DJjf?utm_creative=1&utm_campaign=KNUR&utm_source=escobar&utm_placement=Instagram_Feed&campaign_id=120243826115170417&adset_id=120243826115180417&ad_id=120243826115160417&adset_name=VALERA&p=3452341611582961&int={int}&lock=1lb56&bid=18&utm_medium=paid&utm_id=120243826115170417&utm_content=120243826115160417&utm_term=120243826115180417&fbclid=PAYm9jbAR6dwFleHRuA2FlbQEwAGFkaWQBqzEfzpwLsXNydGMGYXBwX2lkDzEyNDAyNDU3NDI4NzQxNAABp71syldLxZX6UqiEyCbHpsccNeVUgbfR7rpe2KQ_i--phhwRhlKyFGQYHbC6_aem_Us0lwYhZZRxevDS-0L6P1A
1	7	0	0	0	29733274	0	0	29733231	0	0	728	/api/auth/logout.php
1	1	0	0	0	29731138	0	0	29731138	0	0	4375	/assets/PatientForm-BCKQSbNc.js
1	1	0	0	0	29733202	0	0	29733202	0	0	1411	/phpmyadmin/js/dist/common.js?v=5.2.3
1	2	0	0	0	29733380	0	0	29733202	0	0	892	/wp-json/gravitysmtp/v1/tests/mock-data?page=gravitysmtp-settings
1	1	0	0	0	29730329	0	0	29730329	0	0	298	/assets/assets/DailyProgressNote-dVntCN7J.js
1	17	0	0	0	29733768	0	0	29730289	0	0	5864	/assets/book-open-Bi6sJ5u3.js
1	4	0	0	0	29733274	0	0	29733234	0	0	2104	/api/clinical/notes-list.php?patient_id=2
1	2	0	0	0	29732652	0	0	29732630	0	0	886	/p.php
1	2	0	0	0	29732651	0	0	29732629	0	0	886	/.env.test
1	0	0	0	3	0	0	29733261	0	0	29733231	0	/api/clinical/notes-list.php?patient_id=0
1	0	0	0	2	0	0	29732651	0	0	29732630	0	/uat/.env
1	1	0	0	0	29730329	0	0	29730329	0	0	298	/assets/assets/building-2-CMX9_teL.js
1	0	0	0	25	0	0	29725270	0	0	29725230	0	/wp-login.php/wp-json/wp/v2/users
1	6	0	0	0	29733808	0	0	29733742	0	0	4852	/sw.js
1	0	0	0	2	0	0	29732651	0	0	29732630	0	/queue/.env
1	2	0	0	0	29731138	0	0	29730329	0	0	15756	/assets/TotalIncome-7BTVq9wM.js
1	1	0	0	0	29732581	0	0	29732581	0	0	443	/license.txt
1	0	0	0	2	0	0	29732651	0	0	29732630	0	/email/.env
1	0	0	0	2	0	0	29732651	0	0	29732630	0	/old/.env
1	0	0	0	2	0	0	29732651	0	0	29732629	0	/.env.save
1	1	0	0	0	29730329	0	0	29730329	0	0	298	/assets/assets/skeleton-DqU5IOMD.js
1	0	0	0	2	0	0	29732651	0	0	29732630	0	/portal/.env
1	2	0	0	0	29732652	0	0	29732630	0	0	886	/phpinfo.php.old
1	1	0	0	0	29730329	0	0	29730329	0	0	298	/assets/assets/message-circle-qSON-RM2.js
1	3	0	0	17	29731488	0	29727855	29730584	0	29725141	1329	/wp-content/plugins/adresskorrektur-autocomplete-fuer-woo/drum.php
1	0	0	0	2	0	0	29732651	0	0	29732629	0	/.env.old
1	1	0	0	0	29730329	0	0	29730329	0	0	298	/assets/assets/plus-CHPIrJ6M.js
1	0	0	0	2	0	0	29732651	0	0	29732630	0	/api/staging/.env
1	1	0	0	0	29730329	0	0	29730329	0	0	298	/assets/assets/trash-2-B3l-ZhdV.js
1	1	0	0	0	29730329	0	0	29730329	0	0	298	/assets/assets/printer-BQUreT8L.js
1	0	0	0	2	0	0	29732651	0	0	29732629	0	/core/.env
1	0	0	0	2	0	0	29732651	0	0	29732630	0	/psnlink/.env
1	1	0	0	0	29731138	0	0	29731138	0	0	326	/assets/pen-CfMhwJvZ.js
1	9	0	0	0	29733743	0	0	29730327	0	0	440588	/assets/fonts/PlusJakartaSans.woff2
1	2	0	0	0	29732652	0	0	29732630	0	0	886	/administrator/phpinfo.php
1	4	0	0	3	29733274	0	29733261	29733234	0	29733231	552	/api/prescriptions/create.php
1	0	0	0	2	0	0	29732651	0	0	29732630	0	/travis/.env
1	1	0	0	0	29733202	0	0	29733202	0	0	2624	/phpmyadmin/js/vendor/codemirror/addon/hint/sql-hint.js?v=5.2.3
1	1	0	0	2	29730892	0	29725450	29730892	0	29725449	298	/config.json
1	0	0	0	2	0	0	29725449	0	0	29725449	0	/about
1	1	0	0	0	29730329	0	0	29730329	0	0	298	/assets/assets/NurseDueMeds-C04LCd8h.js
1	2	0	0	2	29732652	0	29725450	29732630	0	29725449	886	/info.php
1	4	0	0	0	29733274	0	0	29733234	0	0	3592	/api/invoices/list.php?patient_id=2
1	1	0	0	0	29730294	0	0	29730294	0	0	973	/settings
1	3	0	0	0	29733261	0	0	29733231	0	0	1970	/api/invoices/list.php?patient_id=0
1	2	0	0	0	29732651	0	0	29732629	0	0	886	/.env.json
1	1	0	0	0	29730892	0	0	29730892	0	0	298	/js/config.js
1	2	0	0	0	29732652	0	0	29732630	0	0	886	/cpanel/phpinfo.php
1	0	0	0	2	0	0	29732651	0	0	29732630	0	/en/.env
1	1	0	0	0	29730329	0	0	29730329	0	0	298	/assets/assets/settings-2-Bp-4AVPw.js
1	0	0	0	2	0	0	29732651	0	0	29732629	0	/deploy/.env
1	0	0	0	2	0	0	29732651	0	0	29732629	0	/.env.staging
1	1	0	0	0	29731138	0	0	29731138	0	0	388	/assets/monitor-play-DHOzn285.js
1	0	0	0	2	0	0	29732651	0	0	29732630	0	/backups/.env
1	17	0	0	0	29733768	0	0	29730289	0	0	5177	/assets/download-qc_8yQ5r.js
1	0	0	0	2	0	0	29725450	0	0	29725449	0	/ecp/Current/exporttool/microsoft.exchange.ediscovery.exporttool.application
1	2	0	0	0	29732652	0	0	29732630	0	0	886	/pinfo.php
1	2	0	0	0	29732651	0	0	29732629	0	0	886	/.env.dist
1	1	0	0	0	29730329	0	0	29730329	0	0	298	/assets/assets/EmergencyPrescription-Bi3knV-p.js
1	0	0	0	2	0	0	29732651	0	0	29732630	0	/scripts/.env
1	0	0	0	2	0	0	29725449	0	0	29725449	0	/server
1	0	0	0	2	0	0	29732651	0	0	29732630	0	/redis/.env
1	0	0	0	2	0	0	29732651	0	0	29732630	0	/elasticsearch/.env
1	0	0	0	1	0	0	29725629	0	0	29725629	0	/test-phP-12345.php
1	2	0	0	0	29732652	0	0	29732630	0	0	886	/server-info.php
1	1	0	0	0	29730329	0	0	29730329	0	0	28035	/assets/DailyProgressNote-dVntCN7J.js
1	1	0	0	0	29730329	0	0	29730329	0	0	298	/assets/assets/trending-up-B6DQx806.js
1	1	0	0	0	29730329	0	0	29730329	0	0	10361	/assets/AppointmentPayment-DTL8YvMS.js
1	0	0	0	2	0	0	29732651	0	0	29732630	0	/postmark/.env
1	2	0	0	0	29732652	0	0	29732630	0	0	886	/phpinfo
1	1	0	0	0	29733202	0	0	29733202	0	0	29739	/phpmyadmin/js/vendor/jquery/jquery.min.js?v=5.2.3
1	1	0	0	0	29730329	0	0	29730329	0	0	298	/assets/assets/rotate-ccw-DEYXgLqp.js
1	1	0	0	0	29730329	0	0	29730329	0	0	298	/assets/assets/generateCategoricalChart-Dou_1HkF.js
1	1	0	0	0	29731138	0	0	29731138	0	0	5963	/assets/scroll-area-DUDQuZCi.js
1	1	0	0	0	29731138	0	0	29731138	0	0	313	/assets/chart-no-axes-column-aUF3iGvH.js
1	0	0	0	2	0	0	29732651	0	0	29732629	0	/public_html/.env
1	1	0	0	0	29731138	0	0	29731138	0	0	338	/assets/camera-DpsioLhp.js
1	1	0	0	0	29730329	0	0	29730329	0	0	298	/assets/assets/test-tube-AQ_p65EL.js
1	3	0	0	7	29733078	0	29729667	29731462	0	29726067	1329	/wp-includes/php-ai-client/src/Providers/Models/VideoGeneration/Contracts/messagee.php
1	1	0	0	0	29730329	0	0	29730329	0	0	298	/assets/assets/lock-BfuJZcFd.js
1	1	0	0	3	29732895	0	29729990	29732895	0	29727175	973	/cms/wp-includes/wlwmanifest.xml
1	2	0	0	0	29732652	0	0	29732630	0	0	886	/includes/phpinfo.php
1	1	0	0	0	29730329	0	0	29730329	0	0	298	/assets/assets/SystemicExaminationSection-CCL-4QQD.js
1	2	0	0	0	29732652	0	0	29732630	0	0	886	/phpinfo.php.bak
1	7	0	0	0	29733274	0	0	29733231	0	0	2911	/api/appointments/list.php?page=1&per_page=10
1	4	0	0	3	29733274	0	29733261	29733234	0	29733231	1948	/api/visits/create.php
1	1	0	0	0	29733202	0	0	29733202	0	0	3215	/phpmyadmin/js/dist/drag_drop_import.js?v=5.2.3
1	0	0	0	2	0	0	29732651	0	0	29732629	0	/.env.bak
1	1	0	0	0	29733202	0	0	29733202	0	0	2815	/phpmyadmin/js/vendor/codemirror/addon/lint/lint.js?v=5.2.3
1	1	0	0	0	29731138	0	0	29731138	0	0	2676	/assets/checkbox-ByWwQWzS.js
1	24	0	0	27	29733639	0	29730071	29730326	0	29725144	9775	/robots.txt
1	2	0	0	0	29732651	0	0	29732629	0	0	886	/.env.sample
1	0	0	0	2	0	0	29732651	0	0	29732629	0	/frontend/.env
1	1	0	0	0	29733202	0	0	29733202	0	0	602	/phpmyadmin/js/dist/page_settings.js?v=5.2.3
1	0	0	0	2	0	0	29732651	0	0	29732630	0	/azure/.env
1	1	0	0	0	29730329	0	0	29730329	0	0	298	/assets/assets/phone-Co67JhRS.js
1	1	0	0	0	29730329	0	0	29730329	0	0	298	/assets/assets/formatDistanceToNow-C2IQJfe9.js
1	2	0	0	0	29725628	0	0	29725628	0	0	2402	/wp-content/themes/twentytwentyfour/style.css
1	1	0	0	0	29733202	0	0	29733202	0	0	9931	/phpmyadmin/js/dist/console.js?v=5.2.3
1	1	0	0	0	29730329	0	0	29730329	0	0	298	/assets/assets/log-out-BVpvzsgE.js
1	2	0	0	0	29732652	0	0	29732630	0	0	886	/old/phpinfo.php
1	0	0	0	2	0	0	29732651	0	0	29732630	0	/notify/.env
1	0	0	0	2	0	0	29732651	0	0	29732629	0	/public/.env
1	1	0	0	0	29730329	0	0	29730329	0	0	298	/assets/assets/InvestigationPayment-BfpQZUDn.js
1	0	0	0	2	0	0	29732651	0	0	29732630	0	/jenkins/.env
1	1	0	0	0	29730329	0	0	29730329	0	0	298	/assets/assets/user-plus-BJkC4ige.js
1	0	0	0	1	0	0	29729475	0	0	29729475	0	/?154.61.75.100
1	2	0	0	0	29732652	0	0	29732630	0	0	886	/staging/phpinfo.php
1	0	0	0	2	0	0	29725450	0	0	29725449	0	/api/gql
1	0	0	0	2	0	0	29732651	0	0	29732630	0	/exapi/.env
1	1	0	0	0	29733094	0	0	29733094	0	0	300	/dbtest.php
1	0	0	0	2	0	0	29732651	0	0	29732630	0	/sitemaps/.env
1	2	0	0	0	29732652	0	0	29732630	0	0	886	/public/phpinfo.php
1	1	0	0	0	29730329	0	0	29730329	0	0	105395	/assets/PatientDashboard-Cuwbdual.js
1	1	0	0	0	29730329	0	0	29730329	0	0	298	/assets/assets/arrow-left-D0QK_o3f.js
1	0	0	0	2	0	0	29732651	0	0	29732630	0	/mysql/.env
1	1	0	0	0	29731138	0	0	29731138	0	0	7818	/assets/format-C8K1a6Fc.js
1	4	0	0	3	29733274	0	29733261	29733234	0	29733231	2592	/api/patients/update.php
1	1	0	0	1	29732895	0	29729897	29732895	0	29729897	973	/sito/wp-includes/wlwmanifest.xml
1	0	0	0	2	0	0	29732651	0	0	29732629	0	/wordpress/.env
1	0	0	0	2	0	0	29732651	0	0	29732629	0	/api/v2/.env
1	0	0	0	1	0	0	29726558	0	0	29726558	0	/robots.txt?43.165.127.225
1	1	0	0	0	29733202	0	0	29733202	0	0	7806	/phpmyadmin/js/vendor/jquery/jquery.validate.min.js?v=5.2.3
1	1	0	0	0	29733222	0	0	29733222	0	0	7946	/phpmyadmin/js/messages.php?l=en&v=5.2.3
1	1	0	0	0	29730329	0	0	29730329	0	0	298	/assets/assets/useDoctorContent-Cx8T-OwA.js
1	1	0	0	0	29730329	0	0	29730329	0	0	298	/assets/assets/message-square-gLkdQm4U.js
1	1	0	0	0	29730329	0	0	29730329	0	0	298	/assets/assets/Dashboard-DyrPRUEp.js
1	0	0	0	2	0	0	29732651	0	0	29732630	0	/sbin/.env
1	32	0	0	19	29733281	0	29733274	29733230	0	29733093	15322	/api/auth/login.php
1	2	0	0	0	29732651	0	0	29732629	0	0	886	/.env.remote
1	0	0	0	2	0	0	29732651	0	0	29732629	0	/magento/.env
1	1	0	0	0	29730329	0	0	29730329	0	0	298	/assets/assets/camera-DpsioLhp.js
1	2	0	0	0	29731138	0	0	29730329	0	0	9296	/assets/NurseDueMeds-C04LCd8h.js
1	1	0	0	0	29733202	0	0	29733202	0	0	65929	/phpmyadmin/js/vendor/jquery/jquery-ui.min.js?v=5.2.3
1	2	0	0	0	29732652	0	0	29732630	0	0	886	/site/phpinfo.php
1	1	0	0	0	29731138	0	0	29731138	0	0	333	/assets/receipt-DqXr-L3S.js
1	1	0	0	4	29732895	0	29729990	29732895	0	29725664	973	/wordpress/wp-includes/wlwmanifest.xml
1	7	0	0	0	29733274	0	0	29733231	0	0	4272	/api/patients/list.php?patient_type=outdoor&page=1
1	2	0	0	0	29732651	0	0	29732629	0	0	886	/.env.stage
1	2	0	0	0	29732652	0	0	29732630	0	0	886	/wp-admin/phpinfo.php
1	0	0	0	2	0	0	29732651	0	0	29732630	0	/api/dev/.env
1	0	0	0	2	0	0	29725305	0	0	29725305	0	/wp-content/plugins/smtp-mailer/readme.txt
1	1	0	0	0	29731055	0	0	29731055	0	0	973	/sitemap.xml
1	0	0	0	2	0	0	29732651	0	0	29732629	0	/v2/.env
1	1	0	0	0	29733202	0	0	29733202	0	0	1220	/phpmyadmin/js/vendor/codemirror/addon/lint/lint.css?v=5.2.3
1	1	0	0	0	29730329	0	0	29730329	0	0	298	/assets/assets/external-link-YRWS9f1T.js
1	2	0	0	0	29733743	0	0	29731069	0	0	1327	/administrator/components/com_sppagebuilder/sppagebuilder.xml
1	2	0	0	0	29732651	0	0	29732629	0	0	886	/.env.yml
1	7	0	0	14	29733274	0	29733274	29733231	0	29733231	2611	/api/auth/verify.php
1	1	0	0	0	29730329	0	0	29730329	0	0	298	/assets/assets/eye-DZPhoU57.js
1	1	0	0	0	29731138	0	0	29731138	0	0	282	/assets/trending-up-B6DQx806.js
1	0	0	0	2	0	0	29732651	0	0	29732630	0	/beta/.env
1	16	0	0	0	29733768	0	0	29730289	0	0	5023	/assets/mail-yvZvzeI4.js
1	1	0	0	0	29731138	0	0	29731138	0	0	341	/assets/video-h2z_1vJH.js
1	3	0	0	1	29733274	0	29733234	29733261	0	29733234	1227	/api/vitals/list.php?patient_id=2
1	0	0	0	3	0	0	29733261	0	0	29733231	0	/api/vitals/list.php?patient_id=0
1	1	0	0	0	29730329	0	0	29730329	0	0	298	/assets/assets/AppointmentPayment-DTL8YvMS.js
1	1	0	0	0	29731138	0	0	29731138	0	0	436	/assets/sun-7_ce8Kaj.js
1	1	0	0	0	29730329	0	0	29730329	0	0	298	/assets/assets/download-qc_8yQ5r.js
1	1	0	0	0	29730329	0	0	29730329	0	0	298	/assets/assets/funnel-BTA0vRsb.js
1	0	0	0	2	0	0	29732651	0	0	29732630	0	/production/.env
1	1	0	0	0	29730329	0	0	29730329	0	0	43487	/assets/VisitPage-5feiJJvC.js
1	17	0	0	0	29733768	0	0	29730289	0	0	6237	/assets/building-2-CMX9_teL.js
1	0	0	0	2	0	0	29732651	0	0	29732630	0	/vendor/.env
1	0	0	0	2	0	0	29732651	0	0	29732629	0	/database/.env
1	0	0	0	2	0	0	29732651	0	0	29732630	0	/logs/.env
1	0	0	0	2	0	0	29732651	0	0	29732629	0	/app/.env
1	1	0	0	0	29730329	0	0	29730329	0	0	298	/assets/assets/format-C8K1a6Fc.js
1	2	0	0	0	29732652	0	0	29732630	0	0	886	/core/phpinfo.php
1	2	0	0	0	29732652	0	0	29732630	0	0	886	/_phpinfo.php
1	0	0	0	2	0	0	29732651	0	0	29732629	0	/site/.env
1	1	0	0	0	29730329	0	0	29730329	0	0	298	/assets/assets/Staff-CTNepX6G.js
1	1	0	0	0	29733202	0	0	29733202	0	0	43	/phpmyadmin/themes/dot.gif
1	1	0	0	0	29731063	0	0	29731063	0	0	443	/media/system/js/core.js
1	1	0	0	0	29733202	0	0	29733202	0	0	4865	/phpmyadmin/js/vendor/jquery/jquery-migrate.min.js?v=5.2.3
1	0	0	0	2	0	0	29732651	0	0	29732630	0	/mail/.env
1	0	0	0	2	0	0	29732651	0	0	29732630	0	/uploads/.env
1	1	0	0	0	29731138	0	0	29731138	0	0	359	/assets/save-DzMd4SiT.js
1	0	0	0	2	0	0	29725449	0	0	29725449	0	/___proxy_subdomain_whm/login
1	0	0	0	2	0	0	29732651	0	0	29732629	0	/var/www/.env
1	0	0	0	2	0	0	29725450	0	0	29725449	0	/api
1	8	0	0	4	29733274	0	29733274	29733234	0	29733234	5032	/api/patients/get.php?id=1
1	0	0	0	9	0	0	29733261	0	0	29733231	0	/api/patients/get.php?id=0
1	0	0	0	2	0	0	29732651	0	0	29732630	0	/local/.env
1	1	0	0	0	29731138	0	0	29731138	0	0	7564	/assets/clinicalIntelligence-B4u_Xj_J.js
1	1	0	0	0	29731138	0	0	29731138	0	0	290	/assets/info-DjKKOoM3.js
1	1	0	0	0	29733743	0	0	29733743	0	0	884	/media/editors/jce/js
1	0	0	0	2	0	0	29732651	0	0	29732629	0	/src/.env
1	0	0	0	2	0	0	29732651	0	0	29732629	0	/web/.env
1	1	0	0	0	29731138	0	0	29731138	0	0	312	/assets/settings-2-Bp-4AVPw.js
1	0	0	0	2	0	0	29732651	0	0	29732629	0	/symfony/.env
1	0	0	0	1	0	0	29729897	0	0	29729897	0	/media/wp-includes/wlwmanifest.xml
1	1	0	0	0	29730329	0	0	29730329	0	0	298	/assets/assets/table-CnbMZ7S8.js
1	7	0	0	0	29733274	0	0	29733231	0	0	2986	/api/appointments/list.php?date_from=2026-07-12&date_to=2026-07-19
1	4	0	0	0	29733274	0	0	29733234	0	0	3860	/api/prescriptions/list.php?patient_id=2
1	0	0	0	3	0	0	29733261	0	0	29733231	0	/api/prescriptions/list.php?patient_id=0
1	17	0	0	0	29733768	0	0	29730289	0	0	6296	/assets/send-cdrsuHAc.js
1	2	0	0	0	29732652	0	0	29732630	0	0	886	/pi.php
1	1	0	0	2	29732895	0	29729897	29732895	0	29725664	973	/website/wp-includes/wlwmanifest.xml
1	0	0	2	0	0	29732652	0	0	29732630	0	0	/webmail/phpinfo.php
1	2	0	0	0	29732652	0	0	29732630	0	0	886	/webroot/index.php/_environment
1	1	0	0	0	29730329	0	0	29730329	0	0	298	/assets/assets/checkbox-ByWwQWzS.js
1	1	0	0	0	29730329	0	0	29730329	0	0	298	/assets/assets/user-search-CBqVxlq_.js
1	1	0	0	0	29730329	0	0	29730329	0	0	298	/assets/assets/Appointments-CiXOz8vL.js
1	0	0	0	2	0	0	29732651	0	0	29732630	0	/graphql/.env
1	0	0	0	2	0	0	29732651	0	0	29732630	0	/internal/.env
1	0	0	0	2	0	0	29732651	0	0	29732630	0	/cache/.env
1	17	0	0	0	29733768	0	0	29730289	0	0	6912	/assets/heart-CnN_F_j3.js
1	1	0	0	0	29730329	0	0	29730329	0	0	8334	/assets/RegistrarDashboard-CdC5G3Yl.js
1	2	0	0	0	29732652	0	0	29732630	0	0	886	/beta/phpinfo.php
1	18	0	0	0	29733768	0	0	29730289	0	0	5466	/assets/rotate-ccw-DEYXgLqp.js
1	68	0	0	0	29733808	0	0	29730286	0	0	7476	/env.json
1	0	0	0	2	0	0	29732651	0	0	29732630	0	/angular/.env
1	1	0	0	0	29730329	0	0	29730329	0	0	298	/assets/assets/chart-no-axes-column-aUF3iGvH.js
1	0	0	0	2	0	0	29732651	0	0	29732629	0	/laravel5/.env
1	1	0	0	0	29733202	0	0	29733202	0	0	6078	/phpmyadmin/js/dist/indexes.js?v=5.2.3
1	17	0	0	0	29733768	0	0	29730289	0	0	6312	/assets/trash-2-B3l-ZhdV.js
1	1	0	0	0	29731138	0	0	29731138	0	0	359	/assets/printer-BQUreT8L.js
1	4	0	0	3	29733274	0	29733261	29733234	0	29733231	420	/api/notifications/create.php
1	0	0	0	2	0	0	29732651	0	0	29732630	0	/ci/.env
1	0	0	0	2	0	0	29732651	0	0	29732630	0	/resources/.env
1	0	0	0	2	0	0	29732651	0	0	29732630	0	/aws/.env
1	0	0	0	1	0	0	29733231	0	0	29733231	0	/api/vitals/record.php
1	2	0	0	5	29733111	0	29729687	29731474	0	29725169	886	/wp-content/themes/main.php
1	1	0	0	0	29730892	0	0	29730892	0	0	298	/.aws/credentials
1	1	0	0	0	29733202	0	0	29733202	0	0	200	/phpmyadmin/js/dist/cross_framing_protection.js?v=5.2.3
1	1	0	0	0	29733202	0	0	29733202	0	0	11092	/phpmyadmin/js/dist/navigation.js?v=5.2.3
1	0	0	0	2	0	0	29732651	0	0	29732629	0	/joomla/.env
1	0	0	0	9	0	0	29732651	0	0	29725449	0	/.git/config
1	2	0	0	0	29732651	0	0	29732629	0	0	886	/.env.live
1	0	0	0	2	0	0	29732651	0	0	29732629	0	/bootstrap/.env
1	7	0	0	0	29733274	0	0	29733231	0	0	3402	/api/patients/list.php?search=Rahim
1	1	0	0	4	29732895	0	29729990	29732895	0	29725664	973	/blog/wp-includes/wlwmanifest.xml
1	0	0	0	1	0	0	29729033	0	0	29729033	0	/wp-content/plugins/updraftplus/readme.txt
1	0	0	0	2	0	0	29732651	0	0	29732630	0	/mongodb/.env
1	1	0	0	0	29730329	0	0	29730329	0	0	298	/assets/assets/OtherPayment-B9VCHD6a.js
1	2	0	0	0	29732651	0	0	29732629	0	0	886	/.env_copy
1	0	0	0	2	0	0	29732651	0	0	29732630	0	/microservice/.env
1	18	0	0	0	29733768	0	0	29730289	0	0	6108	/assets/file-text-DJrK52te.js
1	1	0	0	0	29731055	0	0	29731055	0	0	973	/security.txt
1	1	0	0	0	29730329	0	0	29730329	0	0	9627	/assets/ProcedurePayment-B362PKCB.js
1	0	0	0	1	0	0	29725757	0	0	29725757	0	/assets/auth-bridge.js
1	0	0	0	2	0	0	29725449	0	0	29725449	0	/v2/_catalog
1	2	0	0	0	29732651	0	0	29732629	0	0	886	/.env.example
1	1	0	0	0	29730329	0	0	29730329	0	0	298	/assets/assets/card-COhiAhz1.js
1	3	0	0	1	29731467	0	29725184	29730591	0	29725184	1329	/wp-includes/Text/Diff/Engine/forgot_password.php
1	2	0	0	0	29732652	0	0	29732630	0	0	886	/admin/phpinfo.php
1	0	0	0	2	0	0	29732651	0	0	29732630	0	/cron/.env
1	0	0	0	2	0	0	29732651	0	0	29732630	0	/vue/.env
1	1	0	0	0	29733202	0	0	29733202	0	0	405	/phpmyadmin/js/dist/codemirror/addon/lint/sql-lint.js?v=5.2.3
1	0	0	0	1	0	0	29733192	0	0	29733192	0	/api/db_test.php
1	1	0	0	0	29731138	0	0	29731138	0	0	275	/assets/arrow-left-D0QK_o3f.js
1	1	0	0	0	29731055	0	0	29731055	0	0	973	/.well-known/security.txt
1	2	0	0	0	29732652	0	0	29732630	0	0	886	/debug.php
1	1	0	0	0	29731138	0	0	29731138	0	0	433	/assets/sparkles-BXWJULex.js
1	0	0	0	2	0	0	29732651	0	0	29732630	0	/gateway/.env
1	11	0	0	0	29733274	0	0	29733199	0	0	5536	/api/setup-test.php
1	1	0	0	0	29733202	0	0	29733202	0	0	7455	/phpmyadmin/js/dist/ajax.js?v=5.2.3
1	0	0	0	2	0	0	29732651	0	0	29732629	0	/private/.env
1	2	0	0	1	29731479	0	29727645	29731347	0	29727645	886	/wp-includes/css/buttons.css
1	1	0	0	0	29733202	0	0	29733202	0	0	7921	/phpmyadmin/themes/pmahomme/jquery/jquery-ui.css
1	0	0	0	2	0	0	29732651	0	0	29732630	0	/mailing/.env
1	0	0	0	2	0	0	29732651	0	0	29732629	0	/opt/.env
1	0	0	0	2	0	0	29725449	0	0	29725449	0	/login.action
1	3	0	0	2	29730576	0	29726971	29730575	0	29725176	1329	/wp-includes/cron.php
1	1	0	0	3	29732895	0	29729990	29732895	0	29727175	973	/test/wp-includes/wlwmanifest.xml
1	1	0	0	0	29731138	0	0	29731138	0	0	332	/assets/user-search-CBqVxlq_.js
1	0	0	0	2	0	0	29732651	0	0	29732630	0	/newsletter/.env
1	0	0	0	2	0	0	29732651	0	0	29732630	0	/user-panel/.env
1	0	0	0	2	0	0	29732651	0	0	29732630	0	/stage/.env
1	0	0	0	2	0	0	29732651	0	0	29732630	0	/development/.env
1	1	0	0	0	29731138	0	0	29731138	0	0	60864	/assets/UpgradedPrescriptionEMR-CvNofdGu.js
1	240	240	0	269	29733807	0	29732651	29725628	0	29725125	124922	/
1	1	0	0	0	29733202	0	0	29733202	0	0	1035	/phpmyadmin/js/vendor/codemirror/addon/runmode/runmode.js?v=5.2.3
1	0	0	0	2	0	0	29732651	0	0	29732630	0	/kubernetes/.env
1	0	0	0	5	0	0	29732185	0	0	29727049	0	/.git/HEAD
1	0	0	0	2	0	0	29732651	0	0	29732630	0	/store/.env
1	0	0	0	2	0	0	29725449	0	0	29725449	0	/console/
1	0	0	0	2	0	0	29725450	0	0	29725449	0	/s/8343e22383e22313e29343/_/
1	0	0	0	2	0	0	29732651	0	0	29732629	0	/apps/.env
1	18	0	0	0	29733768	0	0	29730289	0	0	7280	/assets/textarea-BQiWEu5n.js
1	2	0	0	0	29732652	0	0	29732630	0	0	886	/htdocs/phpinfo.php
1	2	0	0	0	29732652	0	0	29732630	0	0	886	/hosting/phpinfo.php
1	0	0	0	2	0	0	29732651	0	0	29732629	0	/config/.env
1	2	0	0	0	29731138	0	0	29730329	0	0	32780	/assets/Appointments-CiXOz8vL.js
1	4	0	0	0	29733274	0	0	29733234	0	0	2320	/api/payments/list.php?patient_id=2
1	8	0	0	7	29733274	0	29733261	29733234	0	29733230	5028	/api/patients/create.php
1	1	0	0	0	29731138	0	0	29731138	0	0	361	/assets/layers-DwYKTjmE.js
1	0	0	0	2	0	0	29732651	0	0	29732630	0	/ses/.env
1	3	0	0	0	29733261	0	0	29733231	0	0	1334	/api/payments/list.php?patient_id=0
1	1	0	0	0	29731138	0	0	29731138	0	0	302	/assets/log-out-BVpvzsgE.js
1	17	0	0	0	29733768	0	0	29730289	0	0	5244	/assets/upload-10Urw3kY.js
1	1	0	0	0	29730329	0	0	29730329	0	0	298	/assets/assets/RegistrarDashboard-CdC5G3Yl.js
1	0	0	0	2	0	0	29732651	0	0	29732630	0	/control-panel/.env
1	0	0	0	2	0	0	29732651	0	0	29732629	0	/dist/.env
1	0	0	0	2	0	0	29732651	0	0	29732630	0	/smtp/.env
1	0	0	0	2	0	0	29732651	0	0	29732629	0	/cms/.env
1	1	0	0	0	29731138	0	0	29731138	0	0	408	/assets/droplets-Dr40MrVb.js
1	1	0	0	0	29733202	0	0	29733202	0	0	705	/phpmyadmin/themes/pmahomme/img/b_help.png
1	0	0	0	1	0	0	29729897	0	0	29729897	0	/2018/wp-includes/wlwmanifest.xml
1	2	2	0	4	29732902	0	29730049	29731465	0	29725757	1946	/th1s_1s_a_4o4.html
1	2	0	0	0	29732652	0	0	29732630	0	0	886	/qa/phpinfo.php
1	0	0	0	2	0	0	29732651	0	0	29732629	0	/prod/.env
1	1	0	0	0	29733202	0	0	29733202	0	0	2481	/phpmyadmin/js/vendor/sprintf.js?v=5.2.3
1	1	0	0	0	29730329	0	0	29730329	0	0	298	/assets/assets/circle-alert-3N-VW3xt.js
1	1	0	0	0	29733202	0	0	29733202	0	0	1753	/phpmyadmin/js/dist/menu_resizer.js?v=5.2.3
1	2	0	0	0	29733743	0	0	29731069	0	0	1327	/components/com_sppagebuilder/sppagebuilder.xml
1	0	0	0	2	0	0	29732651	0	0	29732630	0	/cronlab/.env
1	0	0	0	2	0	0	29732651	0	0	29732629	0	/dev/.env
1	0	0	0	1	0	0	29725757	0	0	29725757	0	/assets/hero-enhancement.css
1	1	0	0	0	29733202	0	0	29733202	0	0	36836	/phpmyadmin/js/dist/functions.js?v=5.2.3
1	16	0	0	0	29733768	0	0	29730289	0	0	5052	/assets/external-link-YRWS9f1T.js
2	0	0	0	25	0	0	29725270	0	0	29725230	0	admin
3	6	0	0	0	29733290	0	0	29730327	0	0	671634	https://drarmankabir.com/assets/index-JEdqxkTH.css
3	2	0	0	0	29733743	0	0	29733286	0	0	905632	https://www.drarmankabir.com/assets/LandingPage-Dv8SefYP.js
3	141	1	0	10	29733290	0	29730258	29725125	0	29725147	5555713	https://drarmankabir.com/
3	3	1	0	0	29733222	0	0	29733201	0	0	4693	https://drarmankabir.com/setup.php
3	1	0	0	0	29733146	0	0	29733146	0	0	298	http://www.drarmankabir.com/robots.txt
3	0	0	0	1	0	0	29725305	0	0	29725305	0	https://www.drarmankabir.com/wp-login.php
3	1	0	0	0	29733202	0	0	29733202	0	0	443	http://drarmankabir.com/wp-json/gravitysmtp/v1/tests/mock-data?page=gravitysmtp-settings
3	99	4	0	9	29733808	0	29729252	29725130	0	29725158	9186956	https://www.drarmankabir.com/
3	1	0	0	0	29733380	0	0	29733380	0	0	449	http://www.drarmankabir.com/wp-json/gravitysmtp/v1/tests/mock-data?page=gravitysmtp-settings
3	6	5	0	1	29733290	0	29725755	29733201	0	29725755	8750	https://server.procloudify.com:2083/
3	1	0	0	0	29733290	0	0	29733290	0	0	452816	https://drarmankabir.com/assets/LandingPage-Dv8SefYP.js
3	11	0	0	0	29733743	0	0	29730630	0	0	1051403	https://www.drarmankabir.com/assets/index-JEdqxkTH.css
3	1	0	0	0	29732732	0	0	29732732	0	0	443	http://drarmankabir.com/robots.txt
3	11	11	0	2	29733278	0	29727345	29731063	0	29726541	894	https://www.google.com/
3	1	0	0	0	29733202	0	0	29733202	0	0	705	https://drarmankabir.com/phpmyadmin/themes/pmahomme/css/theme.css?v=5.2.3
3	1	0	0	0	29731479	0	0	29731479	0	0	443	http://www.drarmankabir.com/wp-includes/css/buttons.css
3	4	2	0	7	29732902	0	29730049	29731465	0	29725757	2612444	http://www.google.com/url?url=drarmankabir.com&yahoo.com
3	15	15	0	36	29733805	0	29730252	29730287	0	29725147	7098	http://drarmankabir.com/
3	1	0	0	1	29731347	0	29727645	29731347	0	29727645	443	http://drarmankabir.com/wp-includes/css/buttons.css
3	0	0	0	1	0	0	29726392	0	0	29726392	0	http://drarmankabir.com/favicon.ico
3	9	4	0	0	29733808	0	0	29733742	0	0	3219	https://www.drarmankabir.com/sw.js
3	14	14	0	32	29733613	0	29730278	29730409	0	29725208	6220	http://www.drarmankabir.com/
3	41	0	0	0	29733222	0	0	29733202	0	0	479406	https://drarmankabir.com/phpmyadmin/
3	7	0	0	25	29732450	0	29725305	29731361	0	29725230	0	https://drarmankabir.com/wp-login.php
4	0	0	0	1	0	0	29725385	0	0	29725385	0	Mozilla/5.0 (Windows NT 10.0; Win64; x64) AppleWebKit/537.36 (KHTML, like Gecko) Chrome/129.0.0.0 Safari/537.36
4	0	0	0	2	0	0	29725213	0	0	29725158	0	User-Agent:Mozilla/5.0 (Windows NT 10.0; Win64; x64) AppleWebKit/537.36 (KHTML, like Gecko) Chrome/140.0.0.0 Safari/537.36 Edg/140.0.0.0; 360Spider
4	23	23	0	54	29733805	0	29730197	29730409	0	29725161	10660	Mozilla/5.0 (iPhone; CPU iPhone OS 13_2_3 like Mac OS X) AppleWebKit/605.1.15 (KHTML, like Gecko) Version/13.0.3 Mobile/15E148 Safari/604.1
4	0	0	0	1	0	0	29727304	0	0	29727304	0	Mozilla/5.0 (compatible; GitFinder/1.0)
4	0	0	0	1	0	0	29728002	0	0	29728002	0	Mozilla/5.0 (Windows NT 6.0; rv:49.0) Gecko/20100101 Firefox/49.0
4	0	0	0	1	0	0	29728894	0	0	29728894	0	Mozilla/5.0 (X11; Linux x86_64) AppleWebKit/537.36 (KHTML, like Gecko) Chrome/122.0.0.0 Safari/537.36
4	1	0	0	0	29733553	0	0	29733553	0	0	979	Mozilla/5.0 (Linux; Android 10; x64) AppleWebKit/537.36 (KHTML, like Gecko) Edge/92.0.0.0 Safari/537.36
4	1	1	0	1	29732720	0	29726091	29732720	0	29726091	443	Mozilla/5.0 (Windows NT 10.0; Win64; x64) AppleWebKit/537.36 (KHTML, like Gecko) Edg/121.0.0.0 Safari/537.36
4	6	0	0	19	29731485	0	29729688	29730576	0	29725141	2658	Mozilla/5.0 (Macintosh; Intel Mac OS X 10_15_7) AppleWebKit/605.1.15 (KHTML, like Gecko) Version/17.0 Safari/605.1.15
4	1	0	0	3	29725629	0	29727492	29725629	0	29725628	66	Mozilla/5.0 (X11; Linux x86_64; rv:142.0) Gecko/20100101 Firefox/142.0
4	0	0	0	30	0	0	29729990	0	0	29727175	0	Mozilla/5.0 (Windows NT 10.0; Win64; x64) AppleWebKit/537.36 (KHTML, like Gecko) Chrome/95.0.4638.69 Safari/537.36
4	3	2	0	3	29732765	0	29729475	29731632	0	29728692	596	Mozilla/5.0 AppleWebKit/537.36 (KHTML, like Gecko; compatible; bingbot/2.0; +http://www.bing.com/bingbot.htm) Chrome/116.0.1938.76 Safari/537.36
4	0	0	0	2	0	0	29728084	0	0	29728084	0	Mozilla/5.0 (compatible; wpbot/1.4; +https://forms.gle/ajBaxygz9jSR8p8G9)
4	0	0	0	2	0	0	29726392	0	0	29726392	0	DuckDuckBot/1.1; (+http://duckduckgo.com/duckduckbot.html)
4	0	0	0	87	0	0	29725237	0	0	29725230	0	Mozilla/5.0 (X11; Fedora; Linux x86_64) AppleWebKit/537.36 (KHTML, like Gecko) Chrome/133.0.0.0 Safari/537.36
4	5	0	0	4	29731488	0	29729685	29730557	0	29726971	2215	Mozilla/5.0 (Windows NT 10.0; Win64; x64) AppleWebKit/537.36 (KHTML, like Gecko) Chrome/101.0.4951.64 Safari/537.36 Edg/101.0.1210.47
4	0	0	0	4	0	0	29729261	0	0	29729252	0	Mozilla/5.0 (Windows NT 10.0; Win64; x64) AppleWebKit/537.36 (KHTML, like Gecko) Chrome/117.0.5938.132 Safari/537.36
4	2	1	0	0	29732732	0	0	29732732	0	0	886	Mozilla/5.0 (Windows NT 10.0; Win64; x64) AppleWebKit/537.36 (KHTML, like Gecko) Chrome/122.0.0.0 Safari/537.3
4	2	0	0	1	29733272	0	29729969	29730326	0	29729969	132	Googlebot-Image/1.0
4	1	1	0	1	29732327	0	29729451	29732327	0	29729451	443	Mozilla/5.0 (X11; Linux x86_64) AppleWebKit/537.36 (KHTML, like Gecko) Chrome/108.0.5359.124 Safari/537.36
4	4	4	0	6	29733221	0	29730278	29732684	0	29725654	1772	Mozilla/5.0 (compatible; CMS-Checker/1.0; +https://example.com)
4	0	0	0	6	0	0	29728108	0	0	29728071	0	Mozilla/5.0 (Macintosh; Intel Mac OS X 10_15_7) AppleWebKit/537.36 (KHTML, like Gecko) Chrome/124.0.0.0 Safari/537.36
4	25	0	0	0	29732766	0	0	29731633	0	0	537595	Mozilla/5.0 AppleWebKit/537.36 (KHTML, like Gecko; compatible; bingbot/2.0; +http://www.bing.com/bingbot.htm) Chrome/136.0.0.0 Safari/537.36 AppleWebKit/537.36 (KHTML, like Gecko; compatible; bingbot/2.0; +http://www.bing.com/bingbot.htm) Chrome/116.0.1938.76 Safari/537.36
4	2	2	0	15	29732667	0	29729052	29732667	0	29728947	886	Mozilla/5.0 (Windows NT 10.0; Win64; x64) AppleWebKit/537.36 (KHTML, like Gecko) Chrome/120.0.0.0 Safari/537.36
4	2	2	0	8	29732344	0	29729959	29731736	0	29727038	0	Mozilla/5.0 (Windows NT 10.0; Win64; x64) AppleWebKit/537.36
4	19	2	0	0	29732895	0	0	29732895	0	0	18487	Mozilla/5.0 (Windows NT 10.0; Win64; x64) AppleWebKit/537.36 (KHTML, like Gecko) Chrome/89.0.4389.114 Safari/537.36
4	6	0	0	10	29731481	0	29729664	29730562	0	29725152	2658	Mozilla/5.0 (Macintosh; Intel Mac OS X 10_15_7) AppleWebKit/605.1.15 (KHTML, like Gecko) Version/15.5 Safari/605.1.15
4	4	0	0	0	29731371	0	0	29731361	0	0	596	Mozilla/5.0 (Macintosh; Intel Mac OS X 10_15_7) AppleWebKit/537.36 (KHTML, like Gecko) Chrome/149.0.0.0 Safari/537.36
4	3	0	0	5	29731484	0	29727877	29731461	0	29725141	1329	Mozilla/5.0 (Macintosh; Intel Mac OS X 10_15_7) AppleWebKit/605.1.15 (KHTML, like Gecko) Version/15.3 Safari/605.1.15
4	0	0	0	1	0	0	29728817	0	0	29728817	0	Mozilla/5.0 (Macintosh; Intel Mac OS X 10_15_7) AppleWebKit/605.1.15 (KHTML, like Gecko) Version/15.1 Safari/605.1.15
4	2	1	0	0	29732030	0	0	29732030	0	0	1728	Mozilla/5.0 (Windows NT 10.0; Win64; x64) AppleWebKit/537.36 (KHTML, like Gecko) Chrome/145.0.0.0 Safari/537.36
4	2	1	0	0	29730694	0	0	29730694	0	0	509	Mozilla/5.0 (Knoppix; Linux x86_64; rv:122.0) Gecko/20100101 Firefox/122.0
4	3	0	0	0	29732653	0	0	29731422	0	0	596	Mozilla/5.0 (iPhone; CPU iPhone OS 26_4_2 like Mac OS X) AppleWebKit/605.1.15 (KHTML, like Gecko) CriOS/148.0.7778.47 Mobile/15E148 Safari/604.1
4	1	0	0	5	29725125	0	29726541	29725125	0	29725125	66	Mozilla/5.0 (Macintosh; Intel Mac OS X 10_15_7) AppleWebKit/605.1.15 (KHTML, like Gecko) Version/18.6 Safari/605.1.15
4	6	2	0	2	29732327	0	29728542	29731734	0	29727953	997249	Mozilla/5.0 AppleWebKit/537.36 (KHTML, like Gecko; compatible; GPTBot/1.4; +https://openai.com/gptbot)
4	4	2	0	2	29730892	0	29730892	29730892	0	29730892	455026	Mozilla/5.0 (Macintosh; Intel Mac OS X 15_7_5) AppleWebKit/605.1.15 (KHTML, like Gecko) Version/26.0 Safari/605.1.15
4	0	0	0	29	0	0	29729897	0	0	29725664	0	Mozilla/5.0 (Windows NT 10.0; Win64; x64) AppleWebKit/537.36 (KHTML, like Gecko) Chrome/78.0.3904.108 Safari/537.36
4	0	0	0	1	0	0	29725358	0	0	29725358	0	Mozilla/5.0 (Windows NT 6.1; Win64; x64) AppleWebKit/537.36 (KHTML, like Gecko) Chrome/83.0.4103.61 Safari/537.36
4	40	5	0	0	29731055	0	0	29731055	0	0	770983	Mozilla/5.0 (compatible; Dataprovider.com)
4	0	0	0	10	0	0	29725270	0	0	29725268	0	Mozilla/5.0 (Windows NT 10.0; Win64; x64) AppleWebKit/537.36 (KHTML, like Gecko) Chrome/133.0.0.0 Safari/537.36 Edg/133.0.0.0
4	0	0	0	2	0	0	29725305	0	0	29725305	0	Mozilla/5.0 (Linux; Android 6.0.1; Nexus 5X Build/MMB29P) AppleWebKit/537.36 (KHTML, like Gecko) Chrome/125.0.0.0 Mobile Safari/537.36 (compatible; Googlebot/2.1; +http://www.google.com/bot.html)
4	0	0	0	1	0	0	29728002	0	0	29728002	0	Mozilla/5.0 (Windows NT 6.1) AppleWebKit/537.36 (KHTML, like Gecko) Chrome/30.0.1599.13014 YaBrowser/13.12.1599.13014 Safari/537.36
4	3	1	0	0	29731658	0	0	29731658	0	0	2418160	Mozilla/5.0 (X11; Linux x86_64; rv:131.0) Gecko/20100101 Firefox/131.0
4	0	0	0	1	0	0	29729967	0	0	29729967	0	Mozilla/5.0 (iPhone; CPU iPhone OS 26_5_0 like Mac OS X) AppleWebKit/605.1.15 (KHTML, like Gecko) GSA/428.4.939275213 Mobile/15E148 Safari/604.1
4	2	0	0	1	29731479	0	29727645	29731347	0	29727645	886	Go-http-client/2.0
4	7	1	2	0	29733743	29733743	0	29733743	29733743	0	6188	Mozilla/5.0 (X11; Linux x86_64) AppleWebKit/537.36
4	1	0	0	2	29731063	0	29725147	29731063	0	29725147	443	Mozilla/5.0 (X11; Linux x86_64) AppleWebKit/537.36 (KHTML, like Gecko) Chrome/120.0.0.0 Safari/537.36
4	0	0	0	2	0	0	29729552	0	0	29729552	0	Mozilla/5.0 (Macintosh; Intel Mac OS X 10_15_7) AppleWebKit/537.36 (KHTML, like Gecko) Chrome/114.0.0.0 Safari/537.36
4	34	0	0	52	29733753	0	29730209	29730313	0	29725180	10572	http://drarmankabir.com/wp-admin/install.php?step=1
4	0	0	0	1	0	0	29725954	0	0	29725954	0	curl/8.3.0
4	3	0	0	4	29731488	0	29728757	29731474	0	29725141	1329	Mozilla/5.0 (Windows NT 10.0; Win64; x64) AppleWebKit/537.36 (KHTML, like Gecko) Chrome/110.0.0.0 Safari/537.36
4	113	1	0	0	29730329	0	0	29730329	0	0	918403	Mozilla/5.0 (compatible; jscrawler/0.1; +https://github.com/)
4	2	2	0	0	29731063	0	0	29731063	0	0	741	Mozilla/5.0 (Windows NT 10.0; Win64; x64; rv:120.0) Gecko/20100101 Firefox/120.0
4	0	0	0	2	0	0	29725133	0	0	29725133	0	NewSiteLeadBot/1.0 (+https://newsitelead.com/bot)
4	2	0	0	8	29732647	0	29730071	29731365	0	29726352	596	Mozilla/5.0 (Macintosh; Intel Mac OS X 10_15_7) AppleWebKit/537.36 (KHTML, like Gecko) Chrome/131.0.0.0 Safari/537.36; compatible; OAI-SearchBot/1.0; +https://openai.com/searchbot
4	78	3	1	184	29732652	29732652	29732652	29731658	29732652	29732651	34554	Mozilla/5.0 (Macintosh; Intel Mac OS X 10_15_7) AppleWebKit/537.36 (KHTML, like Gecko) Chrome/131.0.0.0 Safari/537.36
4	0	0	0	1	0	0	29728879	0	0	29728879	0	Mozilla/5.0 (Windows NT 10.0; Win64; x64) AppleWebKit/537.36 (KHTML, like Gecko) Chrome/149.0.0.0 Safari/537.36 Edg/149.0.0.0
4	2	0	0	2	29725130	0	29725130	29725130	0	29725130	132	Mozilla/5.0 (Windows NT 10.0; Win64; x64) AppleWebKit/537.36 (KHTML, like Gecko) Chrome/150.0.0.0 Safari/537.36 Edg/150.0.0.0
4	1	0	0	0	29731497	0	0	29731497	0	0	298	Mozilla/5.0 (Linux; Android 10; K) AppleWebKit/537.36 (KHTML, like Gecko) Chrome/148.0.0.0 Mobile Safari/537.36
4	0	0	0	1	0	0	29728213	0	0	29728213	0	Mozilla/5.0 (Windows NT 10.0; Win64; x64) AppleWebKit/537.36 Chrome/129.0.0.0 Safari/537.36
4	0	0	0	1	0	0	29726566	0	0	29726566	0	Mozilla/5.0 (X11; CrOS x86_64 14541.0.0) AppleWebKit/537.36 (KHTML, like Gecko) Chrome/121.0.0.0 Safari/537.3
4	0	0	0	1	0	0	29728002	0	0	29728002	0	Mozilla/5.0 (Macintosh; Intel Mac OS X 10.11; rv:51.0) Gecko/20100101 Firefox/51.0
4	1	1	0	0	29730921	0	0	29730921	0	0	973	Mozilla/5.0 (compatible; NetcraftSurveyAgent/1.0; +info@netcraft.com)
4	0	0	0	6	0	0	29725432	0	0	29725432	0	Mozilla/5.0 (compatible; CT-WP-Scanner/1.0; +https://example.com/bot)
4	0	0	0	1	0	0	29725504	0	0	29725504	0	Mozilla/5.0 (Windows NT 6.2; arm64) AppleWebKit/537.36 (KHTML, like Gecko) Opera/77.0.0.0 Safari/537.36
4	2	0	0	1	29730892	0	29730892	29730892	0	29730892	596	Mozilla/5.0 (Macintosh; Intel Mac OS X 15.7; rv:149.0) Gecko/20100101 Firefox/149.0
4	1	0	0	2	29730892	0	29730892	29730892	0	29730892	298	Mozilla/5.0 (Windows NT 10.0; Win64; x64) AppleWebKit/537.36 (KHTML, like Gecko) Chrome/147.0.0.0 Safari/537.36 Edg/146.0.3856.109
4	0	0	0	1	0	0	29731276	0	0	29731276	0	Mozilla/5.0 (Macintosh; Intel Mac OS X 10_15_7) AppleWebKit/537.36 (KHTML, like Gecko) Chrome/147.0.0.0 Safari/537.36
4	1	1	0	0	29730883	0	0	29730883	0	0	443	Mozilla/5.0 (X11; Linux x86_64) AppleWebKit/537.36 (KHTML, like Gecko) Chrome/109.0.5414.119 Safari/537.36
4	2	0	0	0	29732030	0	0	29732030	0	0	478539	Mozilla/5.0 (Windows NT 10.0; Win64; x64) AppleWebKit/537.36 (KHTML, like Gecko) Chrome/143.0.0.0 Safari/537.36
4	0	0	0	1	0	0	29727528	0	0	29727528	0	Mozilla/5.0 (Windows NT 10.0; Win64; x64) AppleWebKit/537.36 (KHTML, like Gecko) Chrome/102.0.5005.197 Safari/537.36
4	36	0	0	0	29731415	0	0	29730326	0	0	1066827	Mozilla/5.0 AppleWebKit/537.36 (KHTML, like Gecko; compatible; Googlebot/2.1; +http://www.google.com/bot.html) Chrome/150.0.7871.46 Safari/537.36
4	2	0	0	4	29732967	0	29729064	29731852	0	29726558	886	Mozilla/5.0 (Macintosh; Intel Mac OS X 10_10_1) AppleWebKit/600.2.5 (KHTML, like Gecko) Version/8.0.2 Safari/600.2.5 (Gort)
4	9	0	0	5	29733639	0	29729845	29730433	0	29727953	2700	Mozilla/5.0 (Macintosh; Intel Mac OS X 10_15_7) AppleWebKit/537.36 (KHTML, like Gecko) Chrome/131.0.0.0 Safari/537.36; compatible; OAI-SearchBot/1.4; robots.txt; +https://openai.com/searchbot
4	1	0	0	0	29731658	0	0	29731658	0	0	443	python-requests/2.32.5
4	0	0	0	1	0	0	29727345	0	0	29727345	0	Mozilla/5.0 (Windows NT 10.0; Win64; x64) AppleWebKit/537.36 (KHTML, like Gecko) Chrome/125.0.0.0 Safari/537.36
4	5	0	0	8	29733078	0	29729669	29730575	0	29725142	2215	Mozilla/5.0 (Windows NT 10.0; Win64; x64) AppleWebKit/537.36 (KHTML, like Gecko) Chrome/116.0.0.0 Safari/537.36
4	6	3	0	0	29733029	0	0	29731720	0	0	1527	Mozilla/5.0 (compatible; CensysInspect/1.1; +https://about.censys.io/)
4	2	0	0	0	29732450	0	0	29732450	0	0	298	Mozilla/5.0 (Linux; Android 10; K) AppleWebKit/537.36 (KHTML, like Gecko) Chrome/146.0.0.0 Mobile Safari/537.36
4	1	0	0	0	29732092	0	0	29732092	0	0	973	Mozilla/5.0 (Macintosh; Intel Mac OS X 10_15_7; x86) AppleWebKit/537.36 (KHTML, like Gecko) Chrome/81.0.0.0 Safari/537.36
4	8	4	0	7	29733272	0	29729969	29730326	0	29725144	2674	Mozilla/5.0 (compatible; Googlebot/2.1; +http://www.google.com/bot.html)
4	4	0	0	9	29733111	0	29729686	29731468	0	29725141	1772	Mozilla/5.0 (Windows NT 10.0; Win64; x64) AppleWebKit/537.36 (KHTML, like Gecko) Chrome/107.0.0.0 Safari/537.36
4	3	2	0	7	29732902	0	29730049	29731465	0	29725757	2418160	SiteLockSpider [en] (WinNT; I ;Nav)
4	4	0	0	12	29731486	0	29728754	29730567	0	29725142	1772	Mozilla/5.0 (Linux; Android 12; Pixel 6) AppleWebKit/537.36 (KHTML, like Gecko) Chrome/99.0.4844.58 Mobile Safari/537.36
4	0	0	0	2	0	0	29728930	0	0	29725761	0	Scrapy/2.16.0 (+https://scrapy.org)
4	53	2	0	3	29731415	0	29729560	29730326	0	29726550	1530232	Mozilla/5.0 (Linux; Android 6.0.1; Nexus 5X Build/MMB29P) AppleWebKit/537.36 (KHTML, like Gecko) Chrome/150.0.7871.46 Mobile Safari/537.36 (compatible; Googlebot/2.1; +http://www.google.com/bot.html)
4	2	2	0	0	29733769	0	0	29730884	0	0	1321	Mozilla/5.0 (X11; Linux x86_64; rv:105.0) Gecko/20100101 Firefox/105.0
4	0	0	0	2	0	0	29726212	0	0	29726212	0	Mozilla/5.0 (Windows NT 10.0; Win64; x64) AppleWebKit/537.36 (KHTML, like Gecko) Chrome/124.0.0.0 Safari/537.36
4	8	2	0	0	29732982	0	0	29732982	0	0	957042	Mozilla/5.0 (iPhone; CPU iPhone OS 26_3 like Mac OS X) AppleWebKit/605.1.15 (KHTML, like Gecko) CriOS/144.0.7559.95 Mobile/15E148 Safari/604.1
4	2	0	0	4	29730590	0	29727880	29730577	0	29725176	886	Mozilla/5.0 (Macintosh; Intel Mac OS X 10_15_7) AppleWebKit/537.36 (KHTML, like Gecko) Chrome/120.0.0.0 Safari/537.36
4	2	0	0	8	29731468	0	29729668	29730581	0	29725141	886	Mozilla/5.0 (Macintosh; Intel Mac OS X 10_15_7) AppleWebKit/537.36 (KHTML, like Gecko) Chrome/119.0.0.0 Safari/537.36
4	364	50	0	7	29733808	0	29729966	29730289	0	29725158	7430190	Mozilla/5.0 (Windows NT 10.0; Win64; x64) AppleWebKit/537.36 (KHTML, like Gecko) Chrome/149.0.0.0 Safari/537.36
4	0	0	0	2	0	0	29729669	0	0	29727064	0	Hello from Palo Alto Networks, find out more about our scans in https://docs-cortex.paloaltonetworks.com/r/1/Cortex-Xpanse/Scanning-activity
4	0	0	0	1	0	0	29731276	0	0	29731276	0	Mozilla/5.0 (Windows NT 10.0; Win64; x64; rv:149.0) Gecko/20100101 Firefox/149.0
4	2	1	0	0	29733144	0	0	29733144	0	0	509	Mozilla/5.0 (Windows NT 10.0; Win64; x64) AppleWebKit/537.36 (KHTML, like Gecko) Chrome/137.0.0.0 Safari/537.36 +https://forestengine.net/#opt-out
4	0	0	0	1	0	0	29729469	0	0	29729469	0	Mozilla/5.0 (Macintosh; Intel Mac OS X 10_15_7) AppleWebKit/605.1.15 (KHTML, like Gecko) Version/17.3.1 Safari/605.1.1
4	2	1	0	6	29733193	0	29730258	29733193	0	29728295	509	Mozilla/5.0 (X11; Linux x86_64) AppleWebKit/537.36 (KHTML, like Gecko) Chrome/142.0.0.0 Safari/537.36
4	0	0	0	1	0	0	29728002	0	0	29728002	0	Mozilla/5.0 (X11; Linux x86_64) AppleWebKit/537.36 (KHTML, like Gecko) Version/4.0 Chrome/76.0.3809.111 Safari/537.36
4	166	65	0	86	29733792	0	29730252	29730311	0	29725152	3634065	Mozilla/5.0 (Macintosh; Intel Mac OS X 10_15_7) AppleWebKit/537.36 (KHTML, like Gecko) Chrome/93.0.4577.0 Safari/537.36
4	0	0	0	1	0	0	29731546	0	0	29731546	0	Mozilla/5.0 (Macintosh; Intel Mac OS X 10_15_7) AppleWebKit/537.36 (KHTML, like Gecko) Chrome/136.0.0.0 Safari/537.36
4	3	0	0	0	29733565	0	0	29732141	0	0	1335	Mozilla/5.0
4	8	0	0	8	29731470	0	29729684	29730574	0	29725148	3544	Mozilla/5.0 (iPhone; CPU iPhone OS 17_2 like Mac OS X) AppleWebKit/605.1.15 (KHTML, like Gecko) Version/17.2 Mobile/15E148 Safari/604.1
4	1	1	0	0	29730287	0	0	29730287	0	0	443	Mozilla/5.0 (Windows NT 10.0; Win64; x64; rv:125.0) Gecko/20100101 Firefox/125.0
4	3	1	0	0	29732790	0	0	29732790	0	0	493877	Mozilla/5.0 (Linux; Android 7.0; Moto G (4)) AppleWebKit/537.36 (KHTML, like Gecko) Chrome/94.0.4590.2 Mobile Safari/537.36 Chrome-Lighthouse
4	0	0	0	1	0	0	29729664	0	0	29729664	0	Mozilla/5.0 (X11; Ubuntu; Linux x86_64; x64) AppleWebKit/537.36 (KHTML, like Gecko) Firefox/73.0.0.0 Safari/537.36
4	2	0	0	0	29731416	0	0	29731416	0	0	298	Mozilla/5.0 (Linux; Android 10; K) AppleWebKit/537.36 (KHTML, like Gecko) Chrome/144.0.0.0 Mobile Safari/537.36
4	0	0	0	2	0	0	29727869	0	0	29727869	0	Mozilla/5.0 (Linux; Android 10; K) AppleWebKit/537.36 (KHTML, like Gecko) Chrome/149.0.0.0 Mobile Safari/537.36
4	67	21	0	0	29733289	0	0	29730327	0	0	1693748	Mozilla/5.0 (Linux; Android 10; K) AppleWebKit/537.36 (KHTML, like Gecko) Chrome/150.0.0.0 Mobile Safari/537.36
4	0	0	0	1	0	0	29726597	0	0	29726597	0	Mozilla/5.0 (Windows NT 6.3; x64) AppleWebKit/537.36 (KHTML, like Gecko) Opera/68.0.0.0 Safari/537.36
4	1	0	0	0	29732581	0	0	29732581	0	0	443	python-requests/2.27.1
4	1	1	0	2	29732016	0	29729135	29732016	0	29726255	443	Mozilla/5.0 (X11; Linux i686; rv:109.0) Gecko/20100101 Firefox/120.0
4	2	0	0	10	29733093	0	29728789	29731483	0	29725141	886	Mozilla/5.0 (Windows NT 10.0; Win64; x64) AppleWebKit/537.36 (KHTML, like Gecko) Chrome/100.0.4896.75 Safari/537.36
4	1	1	0	0	29730753	0	0	29730753	0	0	298	Mozilla/5.0 (Macintosh; iMac G3) AppleWebKit/537.36 (KHTML, like Gecko) Chrome/123.0.0.0 Safari/537.36
4	1	1	0	1	29731414	0	29729969	29731414	0	29729969	298	Mozilla/5.0 (Linux; Android 6.0.1; Nexus 5X Build/MMB29P) AppleWebKit/537.36 (KHTML, like Gecko) Chrome/99.0.4844.84 Mobile Safari/537.36 (compatible; Googlebot/2.1; +http://www.google.com/bot.html)
4	2	0	0	0	29731477	0	0	29731477	0	0	298	Mozilla/5.0 (X11; Linux x86_64) AppleWebKit/537.36 (KHTML, like Gecko) Chrome/149.0.0.0 Safari/537.36
4	0	0	0	1	0	0	29729653	0	0	29729653	0	Mozilla/5.0 (Windows NT 10.0; Win64; x64) AppleWebKit/537.36 (KHTML, like Gecko) Chrome/148.0.0.0 Safari/537.36
4	1	1	0	0	29733767	0	0	29733767	0	0	878	Mozilla/5.0 (X11; Linux x86_64) AppleWebKit/537.36 (KHTML, like Gecko) Chrome/107.0.5304.68 Safari/537.36
4	2	2	0	2	29733773	0	29729455	29733770	0	29729451	4358	Java/21.0.11
4	0	0	0	1	0	0	29728495	0	0	29728495	0	Mozilla/5.0 (X11; Ubuntu; Linux x86_64; x64) AppleWebKit/537.36 (KHTML, like Gecko) Chrome/113.0.0.0 Safari/537.36
4	0	0	0	2	0	0	29725973	0	0	29725973	0	Mozilla/5.0 (Windows NT 10.0; Win64; x64) AppleWebKit/537.36 (KHTML, like Gecko) Chrome/105.0.0.0 Safari/537.36
4	0	0	0	2	0	0	29730154	0	0	29730153	0	Mozilla/5.0 (Windows NT 10.0; Win64; x64) AppleWebKit/537.36 (KHTML, like Gecko) Chrome/139.0.0.0 Safari/537.36
4	0	0	0	2	0	0	29729782	0	0	29728584	0	facebookexternalhit/1.1 (+http://www.facebook.com/externalhit_uatext.php)
4	2	0	0	0	29733380	0	0	29733202	0	0	892	Mozilla/5.0 (compatible; SecurityResearch/1.0; )
4	1	0	0	0	29733768	0	0	29733768	0	0	1333	Mozilla/5.0 (X11; Linux x86_64) AppleWebKit/537.36 (KHTML, like Gecko) HeadlessChrome/91.0.4469.0 Safari/537.36
4	0	0	0	2	0	0	29732185	0	0	29732185	0	git/2.39.2
4	0	0	0	1	0	0	29729450	0	0	29729450	0	Mozilla/5.0 (X11; Linux x86_64; rv:125.0) Gecko/20100101 Firefox/125.0
4	77	2	1	184	29732630	29732630	29732630	29732629	29732630	29732629	34111	Mozilla/5.0 (Windows NT 10.0; Win64; x64) AppleWebKit/537.36 (KHTML, like Gecko) Chrome/131.0.0.0 Safari/537.36
4	0	0	0	1	0	0	29729631	0	0	29729631	0	Mozilla/5.0 AppleWebKit/537.36 (KHTML, like Gecko; compatible; Amazonbot/0.1; +https://developer.amazon.com/support/amazonbot) Chrome/119.0.6045.214 Safari/537.36
4	4	2	0	0	29732782	0	0	29732766	0	0	225149	Mozilla/5.0 AppleWebKit/537.36 (KHTML, like Gecko; compatible; bingbot/2.0; +http://www.bing.com/bingbot.htm) Chrome/136.0.0.0 Safari/537.36
4	1	1	0	0	29731055	0	0	29731055	0	0	973	Mozilla/5.0 (Linux; Android 10; SM-G981B) AppleWebKit/537.36 (KHTML, like Gecko) Chrome/80.0.3987.162 Mobile Safari/537.36
4	4	1	0	0	29731069	0	0	29731069	0	0	1772	python-requests/2.34.2
4	0	0	0	1	0	0	29726091	0	0	29726091	0	Mozilla/5.0 (Macintosh; Intel Mac OS X 14_0) AppleWebKit/605.1.15 (KHTML, like Gecko) Version/17.0 Safari/605.1.15
4	5	1	0	11	29732030	0	29729687	29730560	0	29725148	2070	Mozilla/5.0 (Windows NT 10.0; Win64; x64) AppleWebKit/537.36 (KHTML, like Gecko) Chrome/99.0.4844.51 Safari/537.36 Edg/99.0.1150.30
4	0	0	0	60	0	0	29725450	0	0	29725449	0	Mozilla/5.0 (l9scan/2.0.8343e22383e22313e29343; +https://leakix.net)
4	0	0	0	1	0	0	29729103	0	0	29729103	0	Mozilla/5.0 (Windows NT 10.0; Win64; x64) AppleWebKit/537.36 (KHTML, like Gecko) Chrome/122.0.0.0 Safari/537.36 Agency/93.8.2357.5
4	1	1	0	0	29732327	0	0	29732327	0	0	443	Mozilla/5.0 (X11; Linux x86_64) AppleWebKit/537.36 (KHTML, like Gecko) Chrome/106.0.5249.119 Safari/537.36
4	0	0	0	2	0	0	29725666	0	0	29725666	0	Mozilla/5.0 (iPhone; CPU iPhone OS 17_5 like Mac OS X) AppleWebKit/605.1.15 (KHTML, like Gecko) Version/17.5 Mobile/15E148 Safari/604.1
4	2	0	0	0	29731525	0	0	29731525	0	0	298	Mozilla/5.0 (X11; Linux x86_64) AppleWebKit/537.36 (KHTML, like Gecko) Chrome/148.0.0.0 Safari/537.36
4	1	0	0	2	29730892	0	29730892	29730892	0	29730892	298	Mozilla/5.0 (Windows NT 10.0; Win64; x64) AppleWebKit/537.36 (KHTML, like Gecko) Chrome/147.0.0.0 Safari/537.36
4	3	0	0	9	29731485	0	29729682	29731464	0	29725160	1329	Mozilla/5.0 (Windows NT 10.0; Win64; x64) AppleWebKit/537.36 (KHTML, like Gecko) Chrome/99.0.4844.51 Safari/537.36
4	4	2	0	7	29732902	0	29730049	29731465	0	29725757	2612444	Mozilla/5.0 (compatible; MSIE 9.0; Windows NT 6.1; WOW64; Trident/6.0)
4	0	0	0	1	0	0	29725643	0	0	29725643	0	Mozilla/5.0 (compatible; Softaculous AI/1.0)
4	2	0	0	4	29731487	0	29728761	29730591	0	29725161	886	Mozilla/5.0 (Windows NT 10.0; Win64; x64) AppleWebKit/537.36 (KHTML, like Gecko) Chrome/104.0.0.0 Safari/537.36
4	0	0	0	1	0	0	29725132	0	0	29725132	0	Mozilla/5.0 (compatible; LeadForge/1.0; +mailto:opt-out@newsitelead.com)
4	0	0	0	1	0	0	29729300	0	0	29729300	0	Mozilla/5.0 (Windows NT 10.0; Win64; x64) AppleWebKit/537.36 (KHTML, like Gecko; compatible; BuiltWith/1.4; rb.gy/xprgqj) Chrome/124.0.0.0 Safari/537.36
4	5	0	0	6	29733118	0	29728778	29730553	0	29725153	2215	Mozilla/5.0 (Windows NT 10.0; Win64; x64) AppleWebKit/537.36 (KHTML, like Gecko) Chrome/101.0.4951.67 Safari/537.36
4	0	0	0	1	0	0	29725505	0	0	29725505	0	Mozilla/5.0 (Linux; Android 10; x86) AppleWebKit/537.36 (KHTML, like Gecko) Chrome/87.0.0.0 Safari/537.36
4	48	10	0	16	29733281	0	29733281	29725628	0	29725628	5228972	curl/7.61.1
5	0	0	0	1	0	0	29729664	0	0	29729664	0	5.31.188.210
5	0	0	0	1	0	0	29728817	0	0	29728817	0	93.152.221.21
5	1	0	0	0	29730578	0	0	29730578	0	0	443	3.223.127.185
5	0	0	0	1	0	0	29727191	0	0	29727191	0	43.165.198.5
5	0	0	0	1	0	0	29728778	0	0	29728778	0	92.53.96.141
5	0	0	0	1	0	0	29725158	0	0	29725158	0	180.153.236.188
5	2	1	0	0	29731720	0	0	29731720	0	0	509	199.45.155.96
5	0	0	0	5	0	0	29728692	0	0	29727072	0	178.156.227.240
5	0	0	0	1	0	0	29728197	0	0	29728197	0	43.134.236.36
5	0	0	0	1	0	0	29728584	0	0	29728584	0	173.252.95.34
5	0	0	0	1	0	0	29729469	0	0	29729469	0	192.71.142.146
5	1	0	0	0	29733081	0	0	29733081	0	0	443	190.92.174.39
5	0	0	0	1	0	0	29727976	0	0	29727976	0	170.106.143.6
5	1	1	0	0	29733301	0	0	29733301	0	0	449	106.52.216.13
5	0	0	0	1	0	0	29725505	0	0	29725505	0	49.204.201.131
5	0	0	0	1	0	0	29725358	0	0	29725358	0	205.169.39.151
5	2	1	0	0	29732175	0	0	29732175	0	0	509	199.45.155.82
5	34	0	0	52	29733753	0	29730209	29730313	0	29725180	10572	2a06:98c0:3600::103
5	21	1	0	0	29733544	0	0	29733544	0	0	556120	31.220.103.144
5	0	0	0	1	0	0	29729352	0	0	29729352	0	31.220.103.143
5	0	0	0	1	0	0	29729008	0	0	29729008	0	198.46.222.253
5	0	0	0	1	0	0	29730124	0	0	29730124	0	34.74.33.219
5	0	0	0	1	0	0	29730192	0	0	29730192	0	31.220.103.140
5	0	0	0	1	0	0	29728972	0	0	29728972	0	108.181.43.142
5	0	0	0	15	0	0	29729990	0	0	29729990	0	136.66.222.90
5	0	0	0	1	0	0	29727492	0	0	29727492	0	146.56.229.214
5	2	0	0	0	29733380	0	0	29733202	0	0	892	193.32.162.60
5	0	0	0	1	0	0	29725817	0	0	29725817	0	101.32.208.70
5	0	0	0	2	0	0	29727492	0	0	29727492	0	45.55.35.236
5	0	0	0	1	0	0	29726755	0	0	29726755	0	170.106.192.3
5	2	1	0	0	29733193	0	0	29733193	0	0	509	165.245.246.144
5	77	2	1	184	29732652	29732652	29732652	29732651	29732652	29732651	34111	54.20.75.218
5	0	0	0	1	0	0	29725213	0	0	29725213	0	180.153.236.40
5	3	0	0	1	29731488	0	29729669	29730584	0	29729669	1329	72.167.50.103
5	1	0	0	0	29731484	0	0	29731484	0	0	443	103.174.51.100
5	1	1	0	0	29732720	0	0	29732720	0	0	443	87.106.141.44
5	0	0	0	1	0	0	29727415	0	0	29727415	0	170.106.165.186
5	0	0	0	1	0	0	29726180	0	0	29726180	0	101.42.46.71
5	0	0	0	6	0	0	29725757	0	0	29725757	0	184.154.76.22
5	116	18	0	3	29733808	0	29729967	29730289	0	29729966	2715656	103.120.222.11
5	1	1	0	0	29730753	0	0	29730753	0	0	298	161.123.115.82
5	3	3	0	0	29733492	0	0	29732352	0	0	2925	5.161.124.144
5	0	0	0	1	0	0	29728894	0	0	29728894	0	188.166.186.43
5	0	0	0	1	0	0	29726558	0	0	29726558	0	3.228.43.166
5	0	0	0	1	0	0	29726597	0	0	29726597	0	103.211.135.224
5	1	0	0	1	29731347	0	29727645	29731347	0	29727645	443	147.93.168.73
5	0	0	0	1	0	0	29726807	0	0	29726807	0	43.135.115.233
5	0	0	0	1	0	0	29729657	0	0	29729657	0	128.199.203.39
5	77	2	1	184	29732630	29732630	29732630	29732629	29732630	29732629	34111	54.180.100.180
5	2	0	0	0	29731416	0	0	29731416	0	0	298	198.57.247.195
5	0	0	0	1	0	0	29728972	0	0	29728972	0	107.174.249.68
5	0	0	0	1	0	0	29725208	0	0	29725208	0	43.164.190.28
5	2	2	0	2	29733773	0	29729455	29733770	0	29729451	4358	35.164.170.136
5	0	0	0	1	0	0	29725387	0	0	29725387	0	43.152.72.247
5	1	1	0	0	29733319	0	0	29733319	0	0	449	43.130.3.122
5	3	1	0	0	29733272	0	0	29730326	0	0	894	66.249.74.5
5	3	1	0	0	29730326	0	0	29730326	0	0	662	66.249.74.4
5	0	0	0	1	0	0	29725602	0	0	29725602	0	43.160.219.206
5	1	1	0	0	29732333	0	0	29732333	0	0	443	43.157.191.20
5	13	0	0	0	29733272	0	0	29730326	0	0	983720	66.249.74.3
5	4	4	0	11	29733012	0	29729952	29731091	0	29725392	3892	5.161.72.154
5	1	1	0	0	29731032	0	0	29731032	0	0	443	47.103.148.210
5	0	0	0	1	0	0	29729899	0	0	29729899	0	49.51.36.179
5	1	0	0	10	29730578	0	29725270	29730578	0	29725268	443	157.66.26.183
5	1	0	0	0	29732782	0	0	29732782	0	0	51655	40.77.177.229
5	0	0	0	1	0	0	29727866	0	0	29727866	0	167.71.218.184
5	0	0	0	2	0	0	29726352	0	0	29726352	0	104.210.140.141
5	0	0	0	1	0	0	29725142	0	0	29725142	0	49.12.144.217
5	0	0	0	2	0	0	29727599	0	0	29727599	0	104.210.140.140
5	0	0	0	1	0	0	29725654	0	0	29725654	0	35.188.236.95
5	0	0	0	3	0	0	29725184	0	0	29725159	0	159.198.35.26
5	0	0	0	1	0	0	29731546	0	0	29731546	0	67.205.178.228
5	1	0	0	0	29731365	0	0	29731365	0	0	298	104.210.140.136
5	0	0	0	2	0	0	29730071	0	0	29730071	0	104.210.140.135
5	0	0	0	1	0	0	29725747	0	0	29725747	0	43.130.105.21
5	1	1	0	0	29732782	0	0	29732782	0	0	973	40.77.177.217
5	1	0	0	0	29732647	0	0	29732647	0	0	298	104.210.140.131
5	0	0	0	2	0	0	29728840	0	0	29728840	0	104.210.140.129
5	0	0	0	1	0	0	29725157	0	0	29725157	0	20.185.96.226
5	0	0	0	2	0	0	29726071	0	0	29726069	0	20.54.134.42
5	0	0	0	2	0	0	29728084	0	0	29728084	0	44.226.204.8
5	6	6	0	4	29732952	0	29727972	29730552	0	29726592	5838	178.156.186.30
5	3	0	0	3	29733111	0	29727880	29730576	0	29726977	1329	103.82.20.130
5	0	0	0	1	0	0	29728213	0	0	29728213	0	64.31.36.201
5	0	0	0	2	0	0	29725166	0	0	29725160	0	185.70.185.130
5	2	1	0	0	29733144	0	0	29733144	0	0	509	64.227.74.42
5	7	4	0	3	29732902	0	29728804	29731465	0	29728804	5030604	184.154.139.35
5	9	3	0	0	29732790	0	0	29732790	0	0	1610395	62.146.225.142
5	0	0	0	2	0	0	29728376	0	0	29726340	0	101.32.52.164
5	3	0	0	0	29731471	0	0	29730562	0	0	1329	131.72.236.123
5	0	0	0	3	0	0	29725133	0	0	29725132	0	98.184.201.201
5	1	0	0	0	29731480	0	0	29731480	0	0	443	120.72.98.5
5	0	0	0	3	0	0	29725159	0	0	29725155	0	209.42.18.223
5	0	0	0	1	0	0	29725191	0	0	29725191	0	87.192.224.131
5	3	0	0	0	29731525	0	0	29731487	0	0	741	103.133.216.219
5	1	1	0	0	29732380	0	0	29732380	0	0	973	85.203.46.64
5	1	1	0	0	29730732	0	0	29730732	0	0	443	43.160.219.138
5	0	0	0	1	0	0	29725643	0	0	29725643	0	43.165.127.225
5	2	2	0	1	29732667	0	29729033	29732667	0	29729033	886	62.60.130.227
5	0	0	0	1	0	0	29728948	0	0	29728948	0	107.175.39.125
5	5	0	0	0	29732766	0	0	29732766	0	0	48440	157.55.39.49
5	1	1	0	0	29732412	0	0	29732412	0	0	973	62.146.225.75
5	0	0	0	1	0	0	29728879	0	0	29728879	0	175.29.8.88
5	0	0	0	1	0	0	29729056	0	0	29729056	0	43.163.206.70
5	0	0	0	1	0	0	29729688	0	0	29729688	0	13.200.127.26
5	0	0	0	1	0	0	29727151	0	0	29727151	0	162.14.66.219
5	0	0	0	1	0	0	29725153	0	0	29725153	0	198.46.152.106
5	1	1	0	2	29730372	0	29730072	29730372	0	29728752	973	62.146.225.69
5	0	0	0	2	0	0	29729552	0	0	29729552	0	31.22.76.204
5	2	0	0	6	29725130	0	29726541	29725130	0	29725130	132	103.120.220.249
5	0	0	0	1	0	0	29729653	0	0	29729653	0	192.175.111.240
5	0	0	0	1	0	0	29727861	0	0	29727861	0	209.42.18.204
5	0	0	0	1	0	0	29730126	0	0	29730126	0	43.134.3.111
5	0	0	0	1	0	0	29728947	0	0	29728947	0	172.245.252.195
5	2	1	0	0	29733029	0	0	29733029	0	0	509	66.132.172.196
5	1	0	0	0	29731485	0	0	29731485	0	0	443	82.25.119.134
5	0	0	0	1	0	0	29726530	0	0	29726530	0	43.133.60.94
5	9	0	0	0	29732766	0	0	29732766	0	0	3075	52.167.144.197
5	0	0	0	1	0	0	29726056	0	0	29726056	0	43.159.149.56
5	0	0	0	20	0	0	29729897	0	0	29729897	0	35.196.18.133
5	0	0	0	1	0	0	29725148	0	0	29725148	0	217.160.228.98
5	1	0	0	0	29733553	0	0	29733553	0	0	979	186.60.3.19
5	0	0	0	1	0	0	29728769	0	0	29728769	0	5.135.37.162
5	0	0	0	1	0	0	29730099	0	0	29730099	0	192.144.148.122
5	0	0	0	30	0	0	29725449	0	0	29725449	0	157.245.105.107
5	0	0	0	1	0	0	29726087	0	0	29726087	0	103.84.116.31
5	1	0	0	1	29732653	0	29726975	29732653	0	29726975	298	98.70.32.248
5	2	2	0	0	29730883	0	0	29730883	0	0	443	176.116.30.54
5	0	0	0	1	0	0	29726987	0	0	29726987	0	66.179.208.74
5	31	3	0	0	29731055	0	0	29731055	0	0	762226	149.56.150.146
5	7	1	2	0	29733743	29733743	0	29733743	29733743	0	6188	95.85.238.18
5	5	0	0	2	29733318	0	29729486	29730433	0	29728542	1499	74.7.244.39
5	19	2	0	0	29732895	0	0	29732895	0	0	18487	35.234.188.193
5	0	0	0	1	0	0	29728780	0	0	29728780	0	198.46.211.159
5	0	0	0	1	0	0	29729664	0	0	29729664	0	15.235.145.230
5	0	0	0	1	0	0	29725863	0	0	29725863	0	43.130.67.33
5	0	0	0	2	0	0	29728757	0	0	29728754	0	15.235.167.25
5	3	0	0	0	29731453	0	0	29731422	0	0	741	69.197.174.197
5	1	1	0	0	29732766	0	0	29732766	0	0	298	65.55.210.192
5	2	0	0	0	29731488	0	0	29730553	0	0	886	107.175.94.125
5	0	0	0	1	0	0	29729802	0	0	29729802	0	34.90.128.232
5	2	0	0	0	29731456	0	0	29731451	0	0	886	188.164.197.230
5	1	0	0	0	29733565	0	0	29733565	0	0	449	104.248.164.118
5	0	0	0	1	0	0	29725385	0	0	29725385	0	140.238.225.184
5	10	3	0	0	29731055	0	0	29731055	0	0	9730	149.56.150.131
5	2	1	0	0	29730694	0	0	29730694	0	0	509	107.172.58.36
5	0	0	0	1	0	0	29730252	0	0	29730252	0	8.234.192.145
5	5	2	0	0	29731658	0	0	29731658	0	0	2419046	162.216.148.0
5	4	4	0	5	29733191	0	29729832	29731512	0	29725632	3892	178.156.235.26
5	0	0	0	1	0	0	29725954	0	0	29725954	0	18.216.166.123
5	8	2	0	7	29730892	0	29730892	29730892	0	29730892	456218	2.24.206.103
5	0	0	0	1	0	0	29729008	0	0	29729008	0	191.102.130.154
5	0	0	0	1	0	0	29726566	0	0	29726566	0	192.165.113.176
5	0	0	0	1	0	0	29725504	0	0	29725504	0	103.250.189.146
5	1	0	0	0	29731469	0	0	29731469	0	0	443	93.127.166.156
5	1	0	0	0	29732782	0	0	29732782	0	0	172223	40.77.178.199
5	0	0	0	2	0	0	29729969	0	0	29728493	0	66.249.76.38
5	0	0	0	1	0	0	29729969	0	0	29729969	0	66.249.76.37
5	0	0	0	2	0	0	29731276	0	0	29731276	0	162.141.167.57
5	0	0	0	2	0	0	29726983	0	0	29726079	0	162.220.13.17
5	2	2	0	0	29733767	0	0	29733767	0	0	878	103.124.84.88
5	0	0	0	1	0	0	29726978	0	0	29726978	0	170.106.148.137
5	0	0	0	1	0	0	29729892	0	0	29729892	0	62.146.227.80
5	28	2	0	0	29733768	0	0	29732652	0	0	560630	62.146.227.78
5	1	1	0	0	29730714	0	0	29730714	0	0	443	129.204.188.64
5	5	5	0	3	29732592	0	29728572	29730432	0	29726772	4865	154.38.190.94
5	1	1	0	0	29733366	0	0	29733366	0	0	449	170.106.35.137
5	1	1	0	0	29732992	0	0	29732992	0	0	443	119.45.7.86
5	0	0	0	1	0	0	29726974	0	0	29726974	0	103.171.88.220
5	1	0	0	0	29732967	0	0	29732967	0	0	443	34.230.164.54
5	0	0	0	1	0	0	29729453	0	0	29729453	0	170.106.113.159
5	0	0	0	1	0	0	29727064	0	0	29727064	0	198.235.24.178
5	1	1	0	1	29731988	0	29728131	29731988	0	29728131	443	110.42.208.131
5	0	0	0	3	0	0	29726093	0	0	29726079	0	13.49.28.182
5	1	1	0	0	29733613	0	0	29733613	0	0	449	43.135.134.127
5	0	0	0	1	0	0	29729300	0	0	29729300	0	16.174.22.118
5	0	0	0	2	0	0	29729451	0	0	29729451	0	172.252.175.4
5	5	0	0	0	29732381	0	0	29731371	0	0	1627	74.235.96.117
5	1	1	0	0	29730311	0	0	29730311	0	0	973	62.146.227.42
5	2	0	0	0	29730577	0	0	29730574	0	0	886	148.66.159.112
5	0	0	0	6	0	0	29728108	0	0	29728071	0	85.137.57.233
5	0	0	0	1	0	0	29729475	0	0	29729475	0	40.77.167.243
5	0	0	0	1	0	0	29729945	0	0	29729945	0	43.130.154.56
5	0	0	0	1	0	0	29727862	0	0	29727862	0	103.74.121.5
5	0	0	0	1	0	0	29728785	0	0	29728785	0	13.228.246.83
5	0	0	0	1	0	0	29728762	0	0	29728762	0	75.119.135.239
5	0	0	0	2	0	0	29726212	0	0	29726212	0	52.230.100.152
5	0	0	0	2	0	0	29726091	0	0	29726091	0	217.154.144.42
5	1	0	0	3	29730590	0	29729682	29730590	0	29727854	443	72.167.132.114
5	0	0	0	1	0	0	29727017	0	0	29727017	0	43.130.139.136
5	0	0	0	2	0	0	29725742	0	0	29725144	0	192.178.6.8
5	0	0	0	2	0	0	29726392	0	0	29726392	0	40.88.21.235
5	2	1	0	5	29731414	0	29729560	29731414	0	29726550	596	192.178.6.7
5	0	0	0	1	0	0	29729412	0	0	29729412	0	62.146.227.28
5	14	0	0	1	29731414	0	29725574	29731414	0	29725574	79648	192.178.6.6
5	63	2	0	1	29731415	0	29729969	29731414	0	29729969	1533757	192.178.6.5
5	1	1	0	1	29732578	0	29727930	29732578	0	29727930	443	162.62.213.187
5	1	0	0	0	29731468	0	0	29731468	0	0	443	104.43.52.173
5	0	0	0	1	0	0	29729008	0	0	29729008	0	198.46.214.47
5	0	0	0	1	0	0	29725656	0	0	29725656	0	34.24.176.120
5	0	0	0	2	0	0	29726069	0	0	29726062	0	154.61.75.100
5	0	0	0	2	0	0	29729687	0	0	29727869	0	62.210.185.4
5	0	0	0	1	0	0	29728002	0	0	29728002	0	198.46.230.156
5	2	0	0	0	29731477	0	0	29731477	0	0	298	64.225.121.94
5	0	0	0	1	0	0	29729395	0	0	29729395	0	43.167.236.228
5	260	51	0	3	29733322	0	29725755	29732687	0	29725608	6170899	103.58.73.170
5	0	0	0	1	0	0	29725161	0	0	29725161	0	43.159.152.4
5	0	0	0	1	0	0	29729716	0	0	29729716	0	43.157.156.190
5	0	0	0	1	0	0	29726990	0	0	29726990	0	209.172.2.80
5	0	0	0	2	0	0	29729677	0	0	29729658	0	202.51.202.242
5	1	1	0	0	29733126	0	0	29733126	0	0	443	43.134.62.67
5	0	0	0	1	0	0	29728972	0	0	29728972	0	170.130.115.229
5	0	0	0	1	0	0	29725141	0	0	29725141	0	84.247.172.23
5	0	0	0	1	0	0	29727953	0	0	29727953	0	74.7.227.173
5	3	1	0	0	29732327	0	0	29732327	0	0	478837	74.7.227.172
5	2	2	0	0	29733805	0	0	29732832	0	0	1321	43.157.180.116
5	0	0	0	2	0	0	29730258	0	0	29730258	0	64.227.109.175
5	0	0	0	30	0	0	29725450	0	0	29725449	0	128.199.182.152
5	1	1	0	0	29732884	0	0	29732884	0	0	443	43.157.95.131
5	113	1	0	1	29730329	0	29727304	29730329	0	29727304	918403	185.93.89.147
5	0	0	0	1	0	0	29726292	0	0	29726292	0	43.164.1.211
5	0	0	0	1	0	0	29728153	0	0	29728153	0	43.166.1.243
5	4	0	0	0	29733118	0	0	29730575	0	0	1772	160.187.68.214
5	0	0	0	1	0	0	29728758	0	0	29728758	0	8.152.4.116
5	1	1	0	0	29732030	0	0	29732030	0	0	298	161.115.234.120
5	0	0	0	2	0	0	29729450	0	0	29729450	0	172.252.111.247
5	0	0	0	1	0	0	29729651	0	0	29729651	0	15.235.140.141
5	0	0	0	1	0	0	29727235	0	0	29727235	0	43.131.26.226
5	1	1	0	0	29732684	0	0	29732684	0	0	443	34.181.244.11
5	0	0	0	1	0	0	29726087	0	0	29726087	0	194.164.170.191
5	1	0	0	0	29733078	0	0	29733078	0	0	443	103.90.234.13
5	0	0	0	1	0	0	29728542	0	0	29728542	0	74.7.227.148
5	0	0	0	2	0	0	29726072	0	0	29726067	0	31.24.44.107
5	0	0	0	1	0	0	29728930	0	0	29728930	0	34.141.215.197
5	0	0	0	1	0	0	29727716	0	0	29727716	0	43.130.141.193
5	4	1	0	0	29732982	0	0	29732982	0	0	478521	103.196.9.176
5	1	1	0	0	29730409	0	0	29730409	0	0	443	139.155.134.17
5	2	0	0	0	29731481	0	0	29731462	0	0	886	149.210.223.24
5	1	0	0	0	29732732	0	0	29732732	0	0	443	192.71.12.140
5	3	0	0	0	29731487	0	0	29730567	0	0	1329	199.189.225.167
5	0	0	0	1	0	0	29727854	0	0	29727854	0	172.96.190.90
5	3	1	0	0	29731734	0	0	29731734	0	0	518412	74.7.241.45
5	0	0	0	2	0	0	29729261	0	0	29729261	0	205.169.39.58
5	0	0	0	1	0	0	29728592	0	0	29728592	0	150.109.10.41
5	1	0	0	0	29731486	0	0	29731486	0	0	443	66.33.212.6
5	0	0	0	1	0	0	29728470	0	0	29728470	0	1.14.110.85
5	0	0	0	1	0	0	29725872	0	0	29725872	0	43.140.37.167
5	0	0	0	88	0	0	29725237	0	0	29725142	0	42.115.192.253
5	2	0	0	0	29731487	0	0	29731464	0	0	886	209.42.21.221
5	0	0	0	1	0	0	29725159	0	0	29725159	0	173.237.189.134
5	0	0	0	1	0	0	29725149	0	0	29725149	0	142.93.10.93
5	0	0	0	1	0	0	29729669	0	0	29729669	0	205.210.31.181
5	1	0	0	0	29731487	0	0	29731487	0	0	443	5.161.117.42
5	2	2	0	0	29730884	0	0	29730884	0	0	443	142.252.33.66
5	2	2	0	0	29732327	0	0	29732327	0	0	443	172.252.111.21
5	1	1	0	0	29732016	0	0	29732016	0	0	443	149.57.180.194
5	1	0	0	0	29731484	0	0	29731484	0	0	443	113.160.142.119
5	0	0	0	3	0	0	29727877	0	0	29725141	0	163.223.13.54
5	0	0	0	1	0	0	29725183	0	0	29725183	0	103.74.116.239
5	1	1	0	0	29732732	0	0	29732732	0	0	443	192.71.36.158
5	0	0	0	1	0	0	29727215	0	0	29727215	0	44.214.252.38
5	1	1	0	0	29733562	0	0	29733562	0	0	449	43.130.16.212
5	1	1	0	4	29731152	0	29730012	29731152	0	29728332	973	178.156.236.139
5	0	0	0	1	0	0	29726991	0	0	29726991	0	81.17.97.100
5	0	0	0	1	0	0	29728949	0	0	29728949	0	43.164.3.23
5	0	0	0	2	0	0	29729252	0	0	29729252	0	205.169.39.24
5	1	0	0	0	29730590	0	0	29730590	0	0	443	54.145.93.205
5	1	0	0	0	29730557	0	0	29730557	0	0	443	67.207.94.191
5	0	0	0	1	0	0	29726093	0	0	29726093	0	8.210.183.148
5	0	0	0	1	0	0	29727867	0	0	29727867	0	87.106.67.224
5	0	0	0	8	0	0	29728765	0	0	29726088	0	160.187.68.132
5	0	0	0	2	0	0	29726089	0	0	29726066	0	103.74.116.219
5	0	0	0	2	0	0	29725174	0	0	29725141	0	216.194.174.116
5	1	1	0	0	29730921	0	0	29730921	0	0	973	34.253.232.204
5	55	2	0	0	29732422	0	0	29731135	0	0	237383	103.234.26.214
5	0	0	0	1	0	0	29728002	0	0	29728002	0	198.46.224.43
5	0	0	0	1	0	0	29728972	0	0	29728972	0	69.172.232.236
5	0	0	0	1	0	0	29726989	0	0	29726989	0	98.156.100.191
5	0	0	0	1	0	0	29725157	0	0	29725157	0	167.71.227.158
5	0	0	0	1	0	0	29729782	0	0	29729782	0	69.171.231.18
5	0	0	0	1	0	0	29726073	0	0	29726073	0	187.85.75.157
5	0	0	0	1	0	0	29728397	0	0	29728397	0	34.193.242.118
5	2	0	0	0	29732450	0	0	29732450	0	0	298	109.234.166.104
5	1	0	0	3	29725125	0	29725125	29725125	0	29725125	66	37.111.212.154
5	0	0	0	2	0	0	29729674	0	0	29729668	0	46.105.28.235
5	4	4	0	0	29732346	0	0	29731736	0	0	886	38.253.224.42
5	0	0	0	1	0	0	29725180	0	0	29725180	0	139.59.184.99
5	1	0	0	1	29731632	0	29728692	29731632	0	29728692	298	40.77.167.101
5	0	0	0	2	0	0	29729765	0	0	29729121	0	106.52.49.148
5	2	2	0	0	29733769	0	0	29733769	0	0	878	103.144.160.74
5	0	0	0	1	0	0	29729631	0	0	29729631	0	52.3.104.214
5	3	0	0	2	29731470	0	29729667	29730560	0	29728790	1329	97.74.93.24
5	0	0	0	3	0	0	29729959	0	0	29727049	0	91.92.241.196
5	0	0	0	1	0	0	29727654	0	0	29727654	0	38.253.224.30
5	0	0	0	2	0	0	29728295	0	0	29728295	0	164.90.155.207
5	1	1	0	0	29733080	0	0	29733080	0	0	443	43.131.45.213
5	1	1	0	0	29730287	0	0	29730287	0	0	443	16.148.131.235
5	0	0	0	1	0	0	29725161	0	0	29725161	0	185.252.86.65
5	0	0	0	1	0	0	29730278	0	0	29730278	0	104.196.48.220
5	0	0	0	1	0	0	29729052	0	0	29729052	0	107.173.179.68
5	0	0	0	1	0	0	29729008	0	0	29729008	0	69.172.232.190
5	1	1	0	2	29730995	0	29728635	29730995	0	29727665	443	43.161.233.190
5	0	0	0	3	0	0	29728363	0	0	29727038	0	178.121.49.196
5	0	0	0	1	0	0	29729103	0	0	29729103	0	192.36.109.98
5	1	1	0	6	29731932	0	29729712	29731932	0	29725811	973	31.220.97.173
5	4	0	0	3	29733639	0	29729845	29730782	0	29727953	1201	74.7.230.3
5	1	1	0	0	29732717	0	0	29732717	0	0	443	136.107.172.183
5	0	0	0	2	0	0	29727869	0	0	29727869	0	59.152.5.38
5	0	0	0	1	0	0	29729052	0	0	29729052	0	69.172.232.174
5	0	0	0	1	0	0	29726255	0	0	29726255	0	23.27.145.191
5	2	2	0	4	29732472	0	29729652	29732292	0	29725212	1946	31.220.97.163
5	2	0	0	1	29731461	0	29729686	29730574	0	29729686	886	2.81.199.210
5	4	0	0	3	29731485	0	29725180	29731468	0	29725156	1772	216.38.28.47
5	1	0	0	3	29733084	0	29729678	29733084	0	29725149	443	47.86.33.52
5	0	0	0	1	0	0	29729135	0	0	29729135	0	149.57.180.100
5	0	0	0	1	0	0	29726102	0	0	29726102	0	43.159.34.167
5	3	3	0	3	29733372	0	29728152	29730912	0	29726232	2925	31.220.97.154
5	0	0	0	1	0	0	29728002	0	0	29728002	0	192.3.241.84
5	0	0	0	1	0	0	29727462	0	0	29727462	0	43.164.0.96
5	0	0	0	1	0	0	29727528	0	0	29727528	0	34.95.185.149
5	0	0	0	1	0	0	29726809	0	0	29726809	0	1.13.158.23
5	1	0	0	0	29731479	0	0	29731479	0	0	443	136.144.35.157
5	1	1	0	0	29731703	0	0	29731703	0	0	443	124.221.163.189
5	5	5	0	6	29733672	0	29730252	29731032	0	29726052	4877	31.220.97.151
5	0	0	0	1	0	0	29729052	0	0	29729052	0	69.172.232.159
5	0	0	0	2	0	0	29725666	0	0	29725666	0	202.78.167.207
5	1	0	0	0	29730591	0	0	29730591	0	0	443	154.0.166.254
5	0	0	0	1	0	0	29727863	0	0	29727863	0	103.120.176.171
5	1	0	0	1	29725629	0	29725628	29725629	0	29725628	66	164.92.98.95
5	0	0	0	1	0	0	29727858	0	0	29727858	0	217.113.60.80
5	0	0	0	1	0	0	29728495	0	0	29728495	0	170.81.82.10
5	1	0	0	0	29731462	0	0	29731462	0	0	443	103.75.185.95
5	26	1	0	0	29732030	0	0	29732030	0	0	537721	161.115.235.1
5	1	0	0	0	29731852	0	0	29731852	0	0	443	44.208.214.205
5	0	0	0	1	0	0	29725510	0	0	29725510	0	146.56.199.139
5	2	2	0	5	29733312	0	29729532	29733072	0	29725272	1952	178.156.174.41
5	0	0	0	2	0	0	29732185	0	0	29732185	0	140.248.75.102
5	4	1	0	0	29732982	0	0	29732982	0	0	478521	119.12.192.106
5	0	0	0	1	0	0	29728972	0	0	29728972	0	69.172.232.135
5	0	0	0	1	0	0	29725761	0	0	29725761	0	35.204.157.49
5	0	0	0	1	0	0	29727345	0	0	29727345	0	185.149.195.75
5	1	1	0	0	29733221	0	0	29733221	0	0	443	35.237.167.245
5	0	0	0	1	0	0	29728753	0	0	29728753	0	157.119.186.237
5	0	0	0	1	0	0	29728422	0	0	29728422	0	43.130.228.73
5	0	0	0	6	0	0	29725432	0	0	29725432	0	176.65.148.30
5	0	0	0	1	0	0	29725430	0	0	29725430	0	43.166.246.180
5	0	0	0	1	0	0	29728761	0	0	29728761	0	159.195.95.192
5	0	0	0	2	0	0	29726979	0	0	29726971	0	18.61.192.253
5	1	1	0	0	29731632	0	0	29731632	0	0	298	40.77.167.67
5	1	1	0	2	29731692	0	29728812	29731692	0	29727132	973	5.161.86.62
5	1	0	0	0	29732581	0	0	29732581	0	0	443	178.128.81.148
5	0	0	0	2	0	0	29725305	0	0	29725305	0	195.178.110.242
5	1	0	0	0	29731463	0	0	29731463	0	0	443	103.90.233.75
5	1	1	0	0	29732627	0	0	29732627	0	0	443	43.157.153.236
5	1	0	0	0	29731470	0	0	29731470	0	0	443	166.62.33.230
5	55	2	0	0	29730630	0	0	29730630	0	0	1344209	154.38.188.63
5	5	5	0	3	29733432	0	29726352	29730732	0	29725152	4871	62.146.226.43
5	0	0	0	6	0	0	29730132	0	0	29725572	0	62.146.226.40
5	1	1	0	0	29731632	0	0	29731632	0	0	973	62.146.226.39
5	1	1	0	0	29733610	0	0	29733610	0	0	449	162.14.109.170
5	1	0	0	4	29731484	0	29729684	29731484	0	29725154	443	8.217.108.67
5	252	10	0	133	29733281	0	29733281	29725628	0	29725628	5336130	49.12.82.48
5	0	0	0	1	0	0	29729685	0	0	29729685	0	41.185.8.245
5	1	0	0	0	29730581	0	0	29730581	0	0	443	79.112.109.195
5	0	0	0	1	0	0	29726575	0	0	29726575	0	43.159.136.201
5	0	0	0	4	0	0	29725182	0	0	29725141	0	45.55.65.84
5	1	0	0	0	29732221	0	0	29732221	0	0	443	167.71.25.230
5	0	0	0	2	0	0	29725147	0	0	29725147	0	87.106.33.230
5	1	0	0	0	29732141	0	0	29732141	0	0	443	138.197.152.102
5	0	0	0	1	0	0	29726980	0	0	29726980	0	164.132.200.220
5	10	1	0	1	29732766	0	29728692	29732765	0	29728692	6312	52.167.144.25
5	5	5	0	6	29733792	0	29729232	29731212	0	29725332	6077	178.156.190.34
5	0	0	0	15	0	0	29727175	0	0	29727175	0	136.107.255.241
5	0	0	0	1	0	0	29729666	0	0	29729666	0	43.164.133.138
5	8	3	0	0	29731069	0	0	29731063	0	0	3399	193.148.56.134
5	2	0	0	0	29731361	0	0	29731361	0	0	298	173.236.254.75
5	1	1	0	0	29732225	0	0	29732225	0	0	443	43.164.0.21
5	0	0	0	5	0	0	29730049	0	0	29727188	0	198.20.67.199
5	1	0	0	0	29731467	0	0	29731467	0	0	443	209.145.49.99
5	0	0	0	2	0	0	29728466	0	0	29728466	0	159.65.26.1
5	0	0	0	1	0	0	29726951	0	0	29726951	0	72.167.38.62
5	0	0	0	9	0	0	29725664	0	0	29725664	0	136.66.21.63
5	1	0	0	1	29731497	0	29726064	29731497	0	29726064	298	58.186.150.51
5	0	0	0	1	0	0	29725141	0	0	29725141	0	54.36.142.130
5	2	0	0	0	29731633	0	0	29731633	0	0	479768	40.77.167.22
5	0	0	0	2	0	0	29728789	0	0	29725141	0	179.127.11.105
5	1	1	0	0	29733005	0	0	29733005	0	0	443	8.234.147.139
5	0	0	0	10	0	0	29725192	0	0	29725141	0	212.38.162.241
5	1	0	0	0	29732092	0	0	29732092	0	0	973	197.218.103.242
5	0	0	0	1	0	0	29730197	0	0	29730197	0	170.106.140.110
5	2	2	0	0	29732327	0	0	29732327	0	0	443	172.252.175.67
5	0	0	0	1	0	0	29728948	0	0	29728948	0	196.58.229.82
5	0	0	0	1	0	0	29729064	0	0	29729064	0	100.26.66.245
5	0	0	0	2	0	0	29730154	0	0	29730153	0	3.20.255.114
5	0	0	0	1	0	0	29728771	0	0	29728771	0	103.138.189.57
5	0	0	0	1	0	0	29725193	0	0	29725193	0	109.207.79.205
5	0	0	0	2	0	0	29728765	0	0	29728751	0	27.255.189.72
5	0	0	0	2	0	0	29725973	0	0	29725973	0	93.158.91.13
5	1	1	0	4	29732893	0	29729772	29732893	0	29727372	973	31.220.98.151
5	6	6	0	3	29733732	0	29729292	29730672	0	29725512	7050	154.38.191.87
5	0	0	0	1	0	0	29728002	0	0	29728002	0	23.94.77.249
z	0	137	67	29733808	0
z	2	26	0	29733743	1684
z	3	1196	172	29733807	531669
z	4	99	7	29733808	395507
z	5	84	1	29733768	2907720
z	6	47	0	29733768	18314526
z	7	5	0	29733281	12067380
c	200	1477	29733808
c	301	4	29733743
c	304	117	29733808
c	400	51	29733274
c	401	30	29733281
c	403	593	29732652
c	404	260	29733274
c	405	1	29733094
c	409	2	29733261
c	500	30	29733261
c	503	269	29725749
